        50     1  5048.7045
       100     1  5146.1844
       150     1   548.9245
       200     1   311.1749
       250     1   198.7983
       300     1   137.7144
       350     1   100.0999
       400     1    75.0946
       450     1    60.8906
       500     1    49.3965
       550     1    38.4506
       600     1    33.1604
       650     1    26.3027
       700     1    24.0446
       750     1    21.4319
       800     1    19.2546
       850     1    16.7333
       900     1    14.7853
       950     1    13.5382
      1000     1    12.3629
        50     1  4994.6108
       100     1  4892.8634
       150     1   547.0722
       200     1   307.1843
       250     1   193.9882
       300     1   137.0793
       350     1   101.4562
       400     1    77.3998
       450     1    61.2218
       500     1    49.7567
       550     1    41.0181
       600     1    32.9786
       650     1    29.4936
       700     1    24.8571
       750     1    20.8799
       800     1    19.3364
       850     1    17.0227
       900     1    15.2544
       950     1    13.4433
      1000     1    12.1228
        50     1  4702.4243
       100     1  4826.2104
       150     1   536.5344
       200     1   304.5407
       250     1   196.1809
       300     1   136.5806
       350     1   100.9511
       400     1    77.4167
       450     1    61.0769
       500     1    49.4030
       550     1    40.9040
       600     1    34.4285
       650     1    29.1640
       700     1    25.2699
       750     1    20.9588
       800     1    19.2135
       850     1    17.1545
       900     1    15.0963
       950     1    13.7538
        50     1  4889.7025
        50     1  4024.6842
       100     1  5108.2637
       150     1   552.3840
       200     1   309.5700
       250     1   197.8250
       300     1   124.5203
       350     1    98.9342
       400     1    78.1978
       450     1    61.3425
       500     1    49.6091
       550     1    41.1532
       600     1    34.4568
       650     1    29.3571
       700     1    25.3653
       750     1    22.1915
       800     1    14.6826
       850     1    13.4820
       900     1    11.0714
       950     1    10.9998
      1000     1     9.2224
        50     1  4758.0837
       100     1  4832.6061
       150     1   524.9185
       200     1   278.1035
       250     1   171.6916
       300     1   138.1118
       350     1   104.9131
       400     1    77.9069
       450     1    61.3169
       500     1    49.7913
       550     1    41.6127
       600     1    34.6449
       650     1    28.7650
       700     1    25.3923
       750     1    21.2421
       800     1    19.3654
       850     1    17.0620
       900     1    15.1888
       950     1    13.9461
      1000     1    12.4185
