        50     1  2082.9948
        50     2  1378.3460
        50     3  1699.1784
        50     4  1833.1684
        50     5  2015.9696
        50     6  1835.3657
        50     7  1879.6496
        50     8  1783.4705
        50     9  1513.1521
        50    10  1710.7486
        50    11  1356.5853
        50    12  1470.1454
        50    13  1078.1342
        50    14  1097.5559
        50    15  1134.0218
        50    16  1173.0117
        50    17   806.8426
        50    18   805.7688
        50    19   811.0420
        50    20   800.6095
       100     1  2711.0403
       100     2  1956.0924
       100     3  4602.5286
       100     4  2532.3529
       100     5  2433.9458
       100     6  2225.3835
       100     7  2153.7604
       100     8  1980.4564
       100     9  1957.8099
       100    10  1810.4046
       100    11  1655.8138
       100    12  1480.8510
       100    13  1363.7812
       100    14  1287.3266
       100    15  1091.8203
       100    16  1181.9313
       100    17  1047.1577
       100    18  1016.5718
       100    19  1019.8828
       100    20   982.4371
       150     1   277.0483
       150     2   484.8565
       150     3   529.6262
       150     4   355.9064
       150     5   837.8785
       150     6   496.1940
       150     7   573.9500
       150     8   593.2941
       150     9   504.8843
       150    10   634.2000
       150    11   511.4581
       150    12   523.5300
       150    13   501.5017
       150    14   489.0473
       150    15   689.6807
       150    16   545.4555
       150    17   381.8153
       150    18   534.6262
       150    19   387.2038
       150    20   495.1939
       200     1   167.6420
       200     2   242.6849
       200     3   324.3897
       200     4   310.8864
       200     5   271.7835
       200     6   320.7807
       200     7   394.2379
       200     8   385.0148
       200     9   372.0388
       200    10   427.4348
       200    11   405.6933
       200    12   349.2581
       200    13   400.1664
       200    14   424.5032
       200    15   396.0319
       200    16   376.7028
       200    17   320.5218
       200    18   455.7437
       200    19   353.8688
       200    20   477.6101
       250     1   107.9145
       250     2   145.3051
       250     3   218.1088
       250     4   255.4752
       250     5   213.5946
       250     6   277.1072
       250     7   290.5781
       250     8   371.4379
       250     9   301.0481
       250    10   396.5588
       250    11   255.7607
       250    12   243.3742
       250    13   310.8214
       250    14   253.5538
       250    15   258.1122
       250    16   267.9109
       250    17   249.3577
       250    18   227.7806
       250    19   355.1994
       250    20   273.9507
       300     1    65.1212
       300     2    70.8382
       300     3   122.6916
       300     4   214.3046
       300     5   256.2951
       300     6   258.1398
       300     7   172.2474
       300     8   342.5388
       300     9   237.5595
       300    10   223.8731
       300    11   217.4622
       300    12   231.4497
       300    13   240.4425
       300    14   223.7199
       300    15   279.6768
       300    16   204.4952
       300    17   204.4532
       300    18   203.6199
       300    19   188.5030
       300    20   315.2547
       350     1    54.6769
       350     2    90.6373
       350     3   112.7073
       350     4   144.7261
       350     5   179.5597
       350     6   198.9636
       350     7   191.5655
       350     8   218.1494
       350     9   214.8877
       350    10   190.8160
       350    11   180.9825
       350    12   202.7907
       350    13   156.7435
       350    14   205.4788
       350    15   192.1138
       350    16   154.3073
       350    17   173.5736
       350    18   185.3922
       350    19   190.9675
       350    20   184.0223
       400     1    42.1332
       400     2    66.1622
       400     3    96.6955
       400     4   138.5676
       400     5   151.2227
       400     6   153.5785
       400     7   212.8853
       400     8   208.5579
       400     9   164.2156
       400    10   156.0989
       400    11   163.1960
       400    12   158.0428
       400    13   134.7722
       400    14   141.7724
       400    15   143.7621
       400    16   177.5165
       400    17   149.5377
       400    18   171.4285
       400    19   194.3685
       400    20   246.4492
       450     1    32.0040
       450     2    54.2758
       450     3    86.6554
       450     4    87.2464
       450     5   122.7013
       450     6   104.8393
       450     7   136.6978
       450     8   122.4411
       450     9   181.0919
       450    10   151.9606
       450    11   183.0138
       450    12   157.8992
       450    13   172.9753
       450    14   268.2121
       450    15   158.2362
       450    16   327.2582
       450    17   147.3209
       450    18   296.9490
       450    19   143.6660
       450    20   219.2689
       500     1    28.5035
       500     2    47.5332
       500     3    62.9178
       500     4    85.4564
       500     5    98.5484
       500     6   107.5697
       500     7   113.3715
       500     8   102.0884
       500     9   118.3028
       500    10   111.6133
       500    11   153.4498
       500    12   101.1336
       500    13   123.3264
       500    14   116.1231
       500    15   126.6688
       500    16   125.8258
       500    17   124.6472
       500    18   104.2163
       500    19   122.2490
       500    20   136.7504
       550     1    21.5638
       550     2    40.5810
       550     3    47.9328
       550     4    61.4236
       550     5    86.4175
       550     6    86.5974
       550     7    94.4364
       550     8   124.6963
       550     9   128.7936
       550    10   133.3270
       550    11   145.9734
       550    12    99.1548
       550    13   149.4238
       550    14   128.9979
       550    15   114.1032
       550    16   120.1037
       550    17   115.2403
       550    18   121.6776
       550    19    83.9571
       550    20   121.1772
       600     1    18.3930
       600     2    30.9969
       600     3    44.9439
       600     4    61.7935
       600     5    73.6545
       600     6    88.0147
       600     7    81.6529
       600     8    79.5802
       600     9    86.4187
       600    10   115.4149
       600    11    94.6900
       600    12   107.8976
       600    13   101.5832
       600    14   100.8425
       600    15   120.5349
       600    16   119.3194
       600    17   116.1780
       600    18   115.0530
       600    19    99.4070
       600    20   124.2552
       650     1    15.7339
       650     2    25.6695
       650     3    37.4036
       650     4    54.6078
       650     5    62.2564
       650     6    65.8067
       650     7    71.0646
       650     8    81.7939
       650     9    74.5285
       650    10    85.6338
       650    11    83.5623
       650    12    92.3288
       650    13    95.3523
       650    14   117.6926
       650    15    93.6039
       650    16   115.8340
       650    17    99.3384
       650    18   104.9986
       650    19   119.0001
       650    20   126.5687
       700     1    12.9537
       700     2    22.1558
       700     3    37.4491
       700     4    42.5776
       700     5    52.0537
       700     6    51.9661
       700     7    54.0099
       700     8    72.2801
       700     9    65.3328
       700    10    86.2965
       700    11    83.0621
       700    12    77.6714
       700    13    83.0090
       700    14    91.8385
       700    15    77.4356
       700    16   115.5421
       700    17    77.7764
       700    18    67.0629
       700    19    66.6852
       700    20    90.5485
       750     1    11.0656
       750     2    22.6556
       750     3    32.3094
       750     4    43.3305
       750     5    57.2576
       750     6    64.7595
       750     7    71.7521
       750     8    72.7624
       750     9    82.9115
       750    10    85.4064
       750    11    78.5799
       750    12    79.5177
       750    13    64.4878
       750    14    97.9844
       750    15    71.3382
       750    16    85.6969
       750    17    73.1085
       750    18   119.3471
       750    19    81.1517
       750    20    77.5084
       800     1    10.9020
       800     2    20.4686
       800     3    31.0650
       800     4    36.2141
       800     5    47.6564
       800     6    50.1332
       800     7    64.9490
       800     8    51.8630
       800     9    59.6512
       800    10    57.2182
       800    11    59.4126
       800    12    59.7594
       800    13    68.1008
       800    14    75.6420
       800    15    69.2623
       800    16    83.1435
       800    17    91.6899
       800    18    97.7996
       800    19    69.4749
       800    20    91.1675
       850     1     9.6138
       850     2    17.6881
       850     3    25.5933
       850     4    36.4747
       850     5    44.6042
       850     6    48.1243
       850     7    51.1201
       850     8    54.1257
       850     9    64.8184
       850    10    59.4917
       850    11    62.9406
       850    12    61.4386
       850    13    61.3960
       850    14    65.1913
       850    15    51.9641
       850    16    64.3520
       850    17    59.7181
       850    18    70.0463
       850    19    60.9309
       850    20    88.8219
       900     1     8.4635
       900     2    16.4402
       900     3    24.5670
       900     4    33.6313
       900     5    38.7661
       900     6    34.2139
       900     7    47.6850
       900     8    49.8737
       900     9    53.2967
       900    10    48.6158
       900    11    56.6322
       900    12    78.8731
       900    13    68.0321
       900    14    68.2929
       900    15    66.9789
       900    16    63.1025
       900    17    54.7007
       900    18    63.7723
       900    19    55.4199
       900    20    67.7397
       950     1     8.0737
       950     2    14.9979
       950     3    22.5395
       950     4    29.6774
       950     5    34.0419
       950     6    40.4695
       950     7    40.3671
       950     8    41.5473
       950     9    49.3656
       950    10    51.4264
       950    11    49.7335
       950    12    53.8877
       950    13    61.7383
       950    14    60.1460
       950    15    69.7162
       950    16    63.2445
       950    17    49.4650
       950    18    62.5903
       950    19    53.8207
       950    20    54.4893
      1000     1     6.5449
      1000     2    11.9772
      1000     3    18.3274
      1000     4    23.8680
      1000     5    30.0074
      1000     6    32.1929
      1000     7    38.5814
      1000     8    42.4861
      1000     9    47.5722
      1000    10    53.0655
      1000    11    54.2506
      1000    12    48.1305
      1000    13    45.2514
      1000    14    72.5448
      1000    15    50.9492
      1000    16    61.5133
      1000    17    46.7577
      1000    18    59.4577
      1000    19    46.4156
      1000    20    54.5006
        50     1  1811.9044
        50     2  1303.3834
        50     3  1909.5197
        50     4  1809.8401
        50     5  1965.5175
        50     6  1799.0046
        50     7  1731.4509
        50     8  1693.8140
        50     9  1512.3557
        50    10  1658.3403
        50    11  1281.1799
        50    12  1365.6110
        50    13   997.0532
        50    14  1026.1349
        50    15  1083.1772
        50    16  1115.3620
        50    17   778.2663
        50    18   764.3592
        50    19   790.8009
        50    20   755.5928
       100     1  2891.2399
       100     2  1867.7156
       100     3  2301.6952
       100     4  2402.5615
       100     5  2356.7797
       100     6  2145.8465
       100     7  2092.9651
       100     8  1912.9447
       100     9  1854.0078
       100    10  1709.9318
       100    11  1592.6646
       100    12  1400.6316
       100    13  1289.1057
       100    14  1309.1777
       100    15  1168.7486
       100    16  1187.8515
       100    17  1023.2473
       100    18  1009.1229
       100    19   990.5802
       100    20   982.1350
       150     1   254.4336
       150     2   392.1791
       150     3   657.7906
       150     4   432.6456
       150     5   514.5107
       150     6   567.3192
       150     7   517.7500
       150     8   489.0885
       150     9   505.2819
       150    10   618.3466
       150    11   491.7272
       150    12   500.9223
       150    13   508.8502
       150    14   451.7303
       150    15   670.3784
       150    16   514.7951
       150    17   410.1439
       150    18   517.8705
       150    19   364.6346
       150    20   434.7253
       200     1   142.0018
       200     2   240.6228
       200     3   168.6731
       200     4   348.2467
       200     5   450.4808
       200     6   524.1066
       200     7   338.3846
       200     8   368.2565
       200     9   498.2919
       200    10   410.2756
       200    11   406.8287
       200    12   338.3146
       200    13   395.3544
       200    14   418.1666
       200    15   408.5497
       200    16   366.4851
       200    17   310.6153
       200    18   467.4554
       200    19   344.7887
       200    20   486.4008
       250     1   107.8810
       250     2   174.6193
       250     3   237.4121
       250     4   277.7287
       250     5   383.9708
       250     6   236.7373
       250     7   248.8687
       250     8   395.8655
       250     9   450.8487
       250    10   348.0930
       250    11   244.9726
       250    12   240.8540
       250    13   344.3780
       250    14   248.4292
       250    15   256.4163
       250    16   261.9599
       250    17   249.9656
       250    18   227.2436
       250    19   341.1092
       250    20   269.7491
       300     1    74.0675
       300     2   120.7873
       300     3   159.6995
       300     4   209.6895
       300     5   212.1321
       300     6   302.8340
       300     7   208.8043
       300     8   329.1585
       300     9   194.5801
       300    10   365.9948
       300    11   390.6882
       300    12   292.9348
       300    13   243.9594
       300    14   222.7092
       300    15   267.2844
       300    16   195.1963
       300    17   199.3253
       300    18   216.7610
       300    19   187.3597
       300    20   313.7871
       350     1    52.6158
       350     2    84.2222
       350     3   127.6117
       350     4   143.7258
       350     5   174.0790
       350     6   225.1098
       350     7   290.6236
       350     8   216.8961
       350     9   192.9959
       350    10   295.6630
       350    11   188.0475
       350    12   240.7303
       350    13   147.2525
       350    14   201.0039
       350    15   192.2427
       350    16   154.3777
       350    17   171.7498
       350    18   188.0081
       350    19   193.8454
       350    20   182.5578
       400     1    38.0869
       400     2    61.3538
       400     3    99.4365
       400     4   119.3768
       400     5   150.1391
       400     6   168.4053
       400     7   185.3012
       400     8   152.1641
       400     9   259.9142
       400    10   217.8902
       400    11   208.9568
       400    12   181.7747
       400    13   196.0161
       400    14   140.5621
       400    15   138.1916
       400    16   172.4621
       400    17   149.4796
       400    18   172.3695
       400    19   187.9538
       400    20   195.4792
       450     1    34.1819
       450     2    57.8348
       450     3    83.9759
       450     4   104.8399
       450     5   128.7700
       450     6   139.2494
       450     7   168.6313
       450     8   165.8693
       450     9   176.2129
       450    10   208.7234
       450    11   181.5155
       450    12   176.3689
       450    13   169.2812
       450    14   162.2887
       450    15   141.9579
       450    16   144.0426
       450    17   130.0453
       450    18   155.7358
       450    19   114.2982
       450    20   134.4783
       500     1    28.1807
       500     2    46.5498
       500     3    66.2588
       500     4    88.6856
       500     5    92.6243
       500     6   102.8479
       500     7   128.0878
       500     8   114.3907
       500     9   114.6052
       500    10   139.1828
       500    11   122.1376
       500    12   105.4049
       500    13   112.9689
       500    14   100.7759
       500    15   111.5119
       500    16   112.4709
       500    17   112.2621
       500    18    99.6497
       500    19   121.7769
       500    20   139.0409
       550     1    22.1125
       550     2    39.7810
       550     3    58.8622
       550     4    64.8016
       550     5    88.4139
       550     6    85.4432
       550     7   101.1805
       550     8   110.5000
       550     9   113.1089
       550    10   119.9695
       550    11   142.8177
       550    12   114.1991
       550    13   125.7968
       550    14    94.7864
       550    15    91.0191
       550    16    95.2389
       550    17    97.2503
       550    18    93.3260
       550    19    81.2780
       550    20    97.2421
       600     1    19.4548
       600     2    34.3258
       600     3    45.1765
       600     4    65.9195
       600     5    64.0107
       600     6    84.0300
       600     7    82.7389
       600     8    92.7195
       600     9    89.3220
       600    10   116.9131
       600    11   102.5898
       600    12   112.2569
       600    13    92.8709
       600    14    98.3766
       600    15    88.7629
       600    16    77.8213
       600    17    86.7594
       600    18    90.5304
       600    19    90.2264
       600    20   102.6407
       650     1    16.3097
       650     2    27.1052
       650     3    42.1992
       650     4    50.7474
       650     5    62.0803
       650     6    63.2977
       650     7    71.0613
       650     8    78.6710
       650     9    85.8913
       650    10    85.6399
       650    11    76.0888
       650    12    74.9578
       650    13    80.6044
       650    14    95.0389
       650    15    95.5878
       650    16    68.4440
       650    17    76.6116
       650    18    83.2936
       650    19    89.2945
       650    20    76.5156
       700     1    14.5407
       700     2    25.6333
       700     3    36.7126
       700     4    43.6441
       700     5    53.9704
       700     6    64.5289
       700     7    66.1982
       700     8    71.0004
       700     9    76.4657
       700    10    83.9304
       700    11    70.5854
       700    12    88.4129
       700    13    74.4483
       700    14    71.7914
       700    15    84.6271
       700    16    63.2105
       700    17    69.1705
       700    18    61.5580
       700    19    67.0956
       700    20    78.1204
       750     1    12.4506
       750     2    22.5791
       750     3    26.2899
       750     4    40.1553
       750     5    46.3150
       750     6    46.6664
       750     7    52.8034
       750     8    52.5213
       750     9    55.0157
       750    10    60.8998
       750    11    61.2845
       750    12    63.2450
       750    13    77.7952
       750    14    58.8461
       750    15    68.7888
       750    16    63.6366
       750    17    66.6884
       750    18    62.8407
       750    19    64.8511
       750    20    66.1240
       800     1    11.2276
       800     2    19.3461
       800     3    25.6500
       800     4    31.8672
       800     5    42.5496
       800     6    52.1712
       800     7    57.6938
       800     8    60.1529
       800     9    69.1275
       800    10    66.3229
       800    11    62.8855
       800    12    80.6315
       800    13    76.5364
       800    14    85.0933
       800    15    58.2783
       800    16    56.0209
       800    17    62.2054
       800    18    55.8084
       800    19    61.8975
       800    20    68.6771
       850     1     9.9655
       850     2    18.3317
       850     3    26.3625
       850     4    31.1789
       850     5    37.3422
       850     6    45.8117
       850     7    51.6382
       850     8    57.3723
       850     9    46.2894
       850    10    68.0897
       850    11    57.8009
       850    12    60.6537
       850    13    62.1365
       850    14    63.1363
       850    15    54.3153
       850    16    69.4074
       850    17    53.9671
       850    18    53.1635
       850    19    54.4512
       850    20    55.7449
       900     1     8.8978
       900     2    16.2345
       900     3    21.9432
       900     4    29.6808
       900     5    35.9167
       900     6    35.1932
       900     7    40.5369
       900     8    53.0674
       900     9    51.9755
       900    10    56.2710
       900    11    56.8457
       900    12    82.6850
       900    13    54.2835
       900    14    55.7556
       900    15    63.1503
       900    16    55.4503
       900    17    49.4922
       900    18    53.0303
       900    19    53.2415
       900    20    53.2188
       950     1     7.9653
       950     2    14.5968
       950     3    21.8949
       950     4    28.8920
       950     5    33.9485
       950     6    35.6269
       950     7    41.6789
       950     8    43.5498
       950     9    46.9934
       950    10    49.2043
       950    11    46.9075
       950    12    45.2386
       950    13    45.7541
       950    14    49.1397
       950    15    51.0157
       950    16    54.8497
       950    17    45.2685
       950    18    44.8687
       950    19    48.8801
       950    20    55.0470
      1000     1     7.0528
      1000     2    13.9462
      1000     3    19.4242
      1000     4    23.7799
      1000     5    29.8543
      1000     6    33.0001
      1000     7    36.4766
      1000     8    43.4752
      1000     9    44.5308
      1000    10    52.5873
      1000    11    50.3321
      1000    12    44.8095
      1000    13    53.4591
      1000    14    70.8045
      1000    15    51.2371
      1000    16    53.3982
      1000    17    42.9898
      1000    18    50.4966
      1000    19    46.8396
      1000    20    53.0791
        50    21   766.7757
        50    22   782.5499
        50    23   776.5467
        50    24   730.0797
        50    25   740.5675
        50    26   512.5815
        50    27   464.7552
        50    28   475.5213
        50    29   461.9995
        50    30   447.9466
        50    31   445.7504
        50    32   417.2038
        50    33   430.0987
        50    34   412.2551
        50    35   407.4336
        50    36   401.8746
        50    37   392.6209
        50    38   390.5501
        50    39   380.9826
        50    40   412.8788
       100    21   854.9678
       100    22   821.2397
       100    23   765.7566
       100    24   769.0599
       100    25   750.0368
       100    26   640.9435
       100    27   623.8613
       100    28   599.3161
       100    29   578.5673
       100    30   568.9473
       100    31   545.5669
       100    32   537.6395
       100    33   497.9962
       100    34   443.5235
       100    35   437.2918
       100    36   421.1523
       100    37   416.0919
       100    38   395.3993
       100    39   391.3256
       100    40   382.3772
       150    21   589.2401
       150    22   364.7142
       150    23   416.2765
       150    24   497.0478
       150    25   612.7996
       150    26   325.1352
       150    27   353.4974
       150    28   395.9606
       150    29   435.1823
       150    30   506.3629
       150    31   260.8583
       150    32   278.5212
       150    33   290.3500
       150    34   310.2481
       150    35   336.9428
       150    36   358.7186
       150    37   389.1404
       150    38   200.4275
       150    39   198.3035
       150    40   211.8692
       200    21   335.0108
       200    22   468.3619
       200    23   288.8642
       200    24   362.9932
       200    25   482.0631
       200    26   267.8394
       200    27   319.8420
       200    28   392.4973
       200    29   217.3315
       200    30   245.2804
       200    31   282.4287
       200    32   333.8070
       200    33   402.7444
       200    34   190.1082
       200    35   199.2506
       200    36   222.5207
       200    37   243.3803
       200    38   268.7443
       200    39   302.5976
       200    40   334.6140
       250    21   215.6024
       250    22   277.6653
       250    23   212.0984
       250    24   276.7975
       250    25   388.8952
       250    26   233.1594
       250    27   297.7086
       250    28   180.0263
       250    29   223.2427
       250    30   263.6121
       250    31   351.9066
       250    32   177.3900
       250    33   197.2246
       250    34   232.5250
       250    35   285.9271
       250    36   145.2883
       250    37   159.4658
       250    38   176.1291
       250    39   199.4784
       250    40   225.6960
       300    21   258.8436
       300    22   204.2539
       300    23   318.0371
       300    24   214.6617
       300    25   334.2972
       300    26   209.7997
       300    27   285.8364
       300    28   171.4035
       300    29   221.9523
       300    30   318.1490
       300    31   188.9452
       300    32   217.3893
       300    33   263.3500
       300    34   141.3239
       300    35   175.0226
       300    36   237.9110
       300    37   249.1475
       300    38   120.6974
       300    39   134.7411
       300    40   154.5469
       350    21   167.4744
       350    22   147.5322
       350    23   238.8767
       350    24   174.0146
       350    25   269.2973
       350    26   180.5910
       350    27   152.9520
       350    28   173.6929
       350    29   254.8295
       350    30   154.7055
       350    31   210.6947
       350    32   130.3509
       350    33   153.2903
       350    34   182.7214
       350    35   238.2413
       350    36   123.2677
       350    37   175.5442
       350    38   194.0460
       350    39   106.3506
       350    40   141.9090
       400    21   213.2634
       400    22   203.2125
       400    23   177.9502
       400    24   141.5525
       400    25   242.8939
       400    26   169.8682
       400    27   138.6860
       400    28   185.7681
       400    29   126.9467
       400    30   179.8923
       400    31   118.7441
       400    32   164.6215
       400    33   184.2427
       400    34   121.6363
       400    35   141.7586
       400    36   192.2010
       400    37   117.5512
       400    38   119.8669
       400    39   180.5189
       400    40   202.1584
       450    21   139.6037
       450    22   137.2234
       450    23   127.1446
       450    24   118.5847
       450    25   212.4099
       450    26   157.7518
       450    27   125.8986
       450    28   201.1527
       450    29   130.9892
       450    30   225.5654
       450    31   142.5856
       450    32   184.7495
       450    33   118.9658
       450    34   155.6123
       450    35    96.8660
       450    36   116.1316
       450    37   166.8442
       450    38    90.7000
       450    39   122.4489
       450    40   159.2921
       500    21   100.9893
       500    22   104.5656
       500    23   106.1825
       500    24    97.7392
       500    25   171.4358
       500    26   148.3792
       500    27   113.6341
       500    28    91.9193
       500    29   147.4932
       500    30    97.5992
       500    31   185.8213
       500    32   106.4812
       500    33   145.4932
       500    34   103.2569
       500    35   146.9208
       500    36    80.2641
       500    37    99.8290
       500    38   135.6208
       500    39    86.4362
       500    40   117.3072
       550    21   118.7148
       550    22   135.8085
       550    23    86.3249
       550    24    81.3049
       550    25   171.4947
       550    26   153.8955
       550    27   118.3150
       550    28    89.7653
       550    29    77.9817
       550    30   118.7740
       550    31    96.2228
       550    32   133.9834
       550    33    85.9916
       550    34   150.0755
       550    35    83.5784
       550    36   121.5356
       550    37    79.0361
       550    38    97.2794
       550    39   138.9741
       550    40    88.9724
       600    21    87.1248
       600    22   105.9659
       600    23   114.6209
       600    24   124.7177
       600    25   128.5051
       600    26   128.9844
       600    27   118.9094
       600    28   100.7747
       600    29    81.0338
       600    30   218.7632
       600    31   143.3977
       600    32    82.6803
       600    33   133.2095
       600    34    88.0919
       600    35   116.3811
       600    36    78.9804
       600    37   107.8529
       600    38    76.4805
       600    39   102.5977
       600    40   139.3081
       650    21    66.7973
       650    22    81.7531
       650    23    98.5372
       650    24   118.6959
       650    25   114.3916
       650    26   120.6375
       650    27   125.1348
       650    28   136.7948
       650    29    90.6060
       650    30    82.6069
       650    31    64.3756
       650    32   102.7984
       650    33    81.2992
       650    34   147.4802
       650    35    77.6777
       650    36   149.7111
       650    37    93.6311
       650    38   105.7427
       650    39    77.0380
       650    40    90.3403
       700    21    84.5908
       700    22    68.3274
       700    23    95.9117
       700    24    90.9344
       700    25   101.7206
       700    26    63.5732
       700    27    70.2256
       700    28   127.1192
       700    29   108.3667
       700    30   136.1522
       700    31    82.4916
       700    32    64.2194
       700    33    95.9298
       700    34    80.0704
       700    35   167.1788
       700    36    83.4058
       700    37    63.5603
       700    38    70.5701
       700    39    65.1068
       700    40    70.3746
       750    21    69.5142
       750    22   113.9028
       750    23    74.0250
       750    24    94.9088
       750    25   107.1959
       750    26    71.6933
       750    27    63.3714
       750    28    73.8796
       750    29    58.9581
       750    30   155.3195
       750    31   114.6054
       750    32    69.0404
       750    33    60.4331
       750    34   128.8489
       750    35    77.0510
       750    36    58.0131
       750    37    81.1428
       750    38    63.5346
       750    39   105.2316
       750    40    68.4242
       800    21    65.8624
       800    22    64.7652
       800    23    58.6783
       800    24    77.2899
       800    25    82.5041
       800    26    70.3540
       800    27    62.1599
       800    28    72.3004
       800    29    70.1469
       800    30    76.9595
       800    31    60.1756
       800    32   147.2621
       800    33    82.4746
       800    34    61.5582
       800    35    57.7403
       800    36   101.1001
       800    37    65.0995
       800    38   107.3938
       800    39    70.3261
       800    40   119.4470
       850    21    61.4965
       850    22    76.1047
       850    23    61.3968
       850    24    84.1738
       850    25    80.2596
       850    26    68.0132
       850    27    78.4792
       850    28    81.4601
       850    29    70.5599
       850    30    79.3748
       850    31    77.5107
       850    32    64.8400
       850    33    54.9293
       850    34   114.2164
       850    35    83.4338
       850    36    65.5771
       850    37    51.8544
       850    38    72.5412
       850    39    58.7183
       850    40    94.2052
       900    21    56.1730
       900    22    56.7774
       900    23    63.5774
       900    24    70.4725
       900    25    99.1461
       900    26    64.8704
       900    27    68.7303
       900    28    80.1351
       900    29    91.4628
       900    30   136.4149
       900    31   117.8722
       900    32    98.9486
       900    33    68.3131
       900    34    61.9075
       900    35    50.4351
       900    36   125.4321
       900    37    64.8277
       900    38    56.6195
       900    39   117.8131
       900    40    63.8697
       950    21    59.2591
       950    22    89.8906
       950    23    62.0821
       950    24    67.9623
       950    25    75.7526
       950    26    69.0080
       950    27    67.9922
       950    28    53.2418
       950    29    52.8605
       950    30    60.8942
       950    31    66.1893
       950    32    54.4797
       950    33    51.3646
       950    34    49.2298
       950    35    88.9176
       950    36    67.2869
       950    37    52.7828
       950    38   101.2540
       950    39    63.7716
       950    40    53.2918
        50    21   732.7180
        50    22   750.1915
        50    23   741.9847
        50    24   757.0659
        50    25   754.4928
        50    26   505.3444
        50    27   491.1856
        50    28   479.8930
        50    29   469.1488
        50    30   458.7653
        50    31   441.6045
        50    32   436.1878
        50    33   428.1150
        50    34   417.4876
        50    35   410.0426
        50    36   406.7101
        50    37   394.4232
        50    38   385.8811
        50    39   375.9767
        50    40   365.4703
       100    21   856.1668
       100    22   826.3600
       100    23   794.1208
       100    24   765.6456
       100    25   756.4570
       100    26   636.8255
       100    27   592.5452
        50    21   791.0040
        50    22   781.1491
        50    23   768.1201
        50    24   750.8443
        50    25   739.7683
        50    26   471.0118
        50    27   493.6279
        50    28   481.9849
        50    29   456.1897
        50    30   470.7008
        50    31   467.3038
        50    32   437.9252
        50    33   430.7096
        50    34   418.7280
        50    35   411.1972
        50    36   401.6094
        50    37   393.1304
        50    38   388.0165
        50    39   380.7270
        50    40   359.9120
       100    21   857.8179
       100    22   810.9509
       100    23   792.2037
       100    24   775.1905
       100    25   754.1576
       100    26   632.7663
       100    27   619.4392
       100    28   599.2778
       100    29   577.2395
       100    30   567.0180
       100    31   544.5446
       100    32   537.9728
       100    33   518.3954
       100    34   442.3709
       100    35   432.2807
       100    36   424.3231
       100    37   417.8397
       100    38   402.0008
       100    39   395.5056
       100    40   374.9632
       150    21   590.2464
       150    22   367.8498
       150    23   416.2552
       150    24   496.9616
       150    25   593.4168
       150    26   323.6207
       150    27   344.7459
       150    28   394.4249
       150    29   454.6480
       150    30   506.2024
       150    31   256.9398
       150    32   272.2696
       150    33   288.2664
       150    34   309.6084
       150    35   336.6673
       150    36   352.5373
       150    37   405.3539
       150    38   197.8408
       150    39   205.1781
       150    40   211.1290
       200    21   333.6393
       200    22   457.3089
       200    23   291.6484
       200    24   361.2405
       200    25   477.1092
       200    26   271.8525
       200    27   322.4247
       200    28   396.0823
       200    29   217.3741
       200    30   242.3022
       200    31   278.5931
       200    32   326.6385
       200    33   396.8666
       200    34   181.0221
       200    35   204.0870
       200    36   216.7831
       200    37   242.7057
       200    38   269.6761
       200    39   297.6197
       200    40   340.0264
       250    21   213.9263
       250    22   297.0737
       250    23   211.3423
       250    24   274.7582
       250    25   386.8440
       250    26   250.9317
       250    27   297.9149
       250    28   179.8087
       250    29   221.7056
       250    30   262.0133
       250    31   324.8452
       250    32   188.6197
       250    33   198.6118
       250    34   231.2616
       250    35   280.4543
       250    36   146.3389
       250    37   159.5992
       250    38   174.7529
       250    39   195.9022
       250    40   223.3484
       300    21   259.6653
       300    22   202.0856
       300    23   318.2269
       300    24   210.8763
       300    25   327.8920
       300    26   199.7144
       300    27   284.4387
       300    28   171.6568
       300    29   233.4949
       300    30   295.8859
       300    31   166.2951
       300    32   199.5411
       300    33   261.2012
       300    34   139.3361
       300    35   169.9307
       300    36   226.1108
       300    37   239.8842
       300    38   121.4228
       300    39   136.8997
       300    40   157.0480
       350    21   166.4073
       350    22   147.6764
       350    23   229.8619
       350    24   171.2244
       350    25   276.5136
       350    26   180.8467
       350    27   129.8416
       350    28   183.2383
       350    29   249.7819
       350    30   155.5503
       350    31   211.2134
       350    32   128.8026
       350    33   147.0983
       350    34   176.9467
       350    35   237.5631
       350    36   128.8328
       350    37   154.0984
       350    38   185.0800
       350    39   105.3427
       350    40   114.2196
       400    21   214.1981
       400    22   196.6100
       400    23   167.7949
       400    24   139.0481
       400    25   237.6897
       400    26   164.0446
       400    27   152.2798
       400    28   184.8820
       400    29   123.1733
       400    30   175.1488
       400    31   116.4923
       400    32   148.7353
       400    33   195.0676
       400    34   108.1968
       400    35   142.3649
       400    36   181.7741
       400    37   106.9823
       400    38   128.9356
       400    39   163.2056
       400    40   198.8255
       450    21   137.6455
       450    22   137.4862
       450    23   126.6887
       450    24   118.1806
       450    25   195.7058
       450    26   156.2846
       450    27   131.6636
       450    28   210.1354
       450    29   127.1840
       450    30   232.2408
       450    31   133.3418
       450    32   176.0003
       450    33   106.1916
       450    34   146.9673
       450    35   101.7240
       450    36   114.6112
       450    37   157.5143
       450    38    98.7781
       450    39   134.3294
       450    40   152.6738
       500    21   109.3901
       500    22   106.9701
       500    23   104.5770
       500    24    97.1803
       500    25   169.9757
       500    26   143.4110
       500    27   113.3490
       500    28    99.8479
       500    29   143.6933
       500    30    99.2537
       500    31   179.7322
       500    32    99.1693
       500    33   138.6138
       500    34    89.9757
       500    35   139.8381
       500    36    81.3747
       500    37    99.8965
       500    38   136.4243
       500    39    87.2506
       500    40   121.9741
       550    21   140.2464
       550    22   212.8338
       550    23    97.6815
       550    24   103.9619
       550    25   159.7440
       550    26   184.3057
       550    27   129.2208
       550    28   115.1834
       550    29    79.6773
       550    30   127.9449
       550    31   103.5644
       550    32   171.5059
       550    33    88.0059
       550    34   138.7136
       550    35    85.7865
       550    36   119.9938
       550    37    91.6216
       550    38   102.2683
       550    39   131.9393
       550    40    80.5109
       600    21    88.3580
       600    22   104.3352
       600    23   118.9512
       600    24   130.3404
       600    25   145.0199
       600    26   134.2661
       600    27   118.8942
       600    28   110.2888
       600    29    86.2078
       600    30   170.5657
       600    31   136.3665
       600    32    85.0751
       600    33   125.8612
       600    34    91.0693
       600    35   124.1923
       600    36    91.2560
       600    37   110.2001
       600    38    70.5598
       600    39   105.9749
       600    40   138.5707
       650    21    71.1620
       650    22    89.2168
       650    23    99.1841
       650    24   128.2373
       650    25   117.7364
       650    26   122.4983
       650    27   114.9575
       650    28   134.5288
       650    29    91.6406
       650    30    74.2606
       650    31    68.4834
       650    32   100.3886
       650    33    75.8416
       650    34   116.4727
       650    35    87.4998
       650    36   150.0722
       650    37    77.4450
       650    38   114.9667
       650    39    83.2697
       650    40    99.5485
       700    21    90.8791
       700    22    83.4991
       700    23    88.8456
       700    24   109.0875
       700    25   113.6703
       700    26    72.1466
       700    27    71.3821
       700    28   141.4645
       700    29   102.9541
       700    30   103.4755
       700    31    83.3906
       700    32    59.3738
       700    33    90.0664
       700    34    75.0781
       700    35   156.4454
       700    36    87.4430
       700    37    64.1384
       700    38    72.6932
       700    39    61.1165
       700    40    81.1754
       750    21    63.1931
       750    22    78.2145
       750    23    67.4196
       750    24    80.6312
       750    25    88.8222
       750    26    62.4748
       750    27    64.7159
       750    28    78.5697
       750    29    58.3014
       750    30   174.4934
       750    31   106.4374
       750    32    79.4814
       750    33    60.4456
       750    34   149.0744
       750    35    73.2663
       750    36    56.1292
       750    37    75.1157
       750    38    56.4868
       750    39    87.5494
       750    40    57.2768
       800    21    76.8357
       800    22    82.6864
       800    23    63.3120
       800    24   104.8119
       800    25   107.6454
       800    26    67.4298
       800    27    83.3141
       800    28    84.0573
       800    29    86.4389
       800    30    83.2833
       800    31    79.5195
       800    32   104.9547
       800    33    85.4194
       800    34    73.4298
       800    35    61.6222
       800    36    92.5601
       800    37    71.4684
       800    38    89.0442
       800    39    72.1054
       800    40   101.2450
       850    21    66.3342
       850    22    66.5318
       850    23    68.9392
       850    24    72.3355
       850    25    76.9630
       850    26    68.6079
       850    27    77.2540
       850    28    77.7320
       850    29    82.8822
       850    30    85.1959
       850    31    83.2797
       850    32    74.4661
       850    33    68.6428
       850    34    83.0735
       850    35    67.9274
       850    36    63.2934
       850    37    56.2420
       850    38    70.4075
       850    39    57.8577
       850    40    72.4983
       900    21    59.3737
       900    22    54.4257
       900    23    63.1246
       900    24    63.1739
       900    25    67.5106
       900    26    69.7858
       900    27    75.4095
       900    28    76.2086
       900    29    80.4167
       900    30    83.9515
       900    31    82.3224
       900    32    80.5079
       900    33    68.9283
       900    34    61.6055
       900    35    54.4523
       900    36    74.4310
       900    37    66.2601
       900    38    55.5889
       900    39    73.0666
       900    40    57.6765
       950    21    56.7594
       950    22    56.5618
       950    23    62.3802
       950    24    58.9253
       950    25    67.4622
       950    26    60.9778
       950    27    66.6615
       950    28    52.2275
       950    29    57.5847
       950    30    60.8602
       950    31    62.0703
       950    32    54.4753
       950    33    48.8999
       950    34    46.8605
       950    35    61.9724
       950    36    56.2582
       950    37    49.8851
       950    38    66.5542
       950    39    60.0289
       950    40    43.3525
      1000    21    48.0414
      1000    22    49.8200
      1000    23    50.8131
      1000    24    50.8403
      1000    25    53.6801
      1000    26    52.3755
      1000    27    59.1721
      1000    28    59.3986
      1000    29    61.3614
      1000    30    68.6261
      1000    31    68.8009
      1000    32    69.4847
      1000    33    64.8338
      1000    34    57.5127
      1000    35    53.8315
      1000    36    50.8155
      1000    37    60.3751
      1000    38    59.3370
      1000    39    51.5616
      1000    40    72.0688
        50     1  2082.3059
        50     2  2044.1735
        50     3  1818.6421
        50     4  1848.7412
        50     5  2069.0607
        50     6  1975.8082
        50     7  1877.5272
        50     8  1771.4447
        50     9  1537.6041
        50    10  1691.2912
        50    11  1299.4473
        50    12  1392.5650
        50    13  1102.1830
        50    14  1097.9995
        50    15  1085.1265
        50    16  1065.1033
        50    17   793.4868
        50    18   760.9092
        50    19   784.1254
        50    20   745.1369
        50    21   767.5340
        50    22   726.8672
        50    23   729.5653
        50    24   712.5961
        50    25   709.3257
        50    26   485.7225
        50    27   455.4317
        50    28   396.2765
        50    29   435.4154
        50    30   280.5458
        50    31   354.4223
        50    32   377.7054
        50    33   427.8968
        50    34   379.1472
        50    35   383.1835
        50    36   384.5653
        50    37   376.7238
        50    38   352.9858
        50    39   340.1673
        50    40   371.7909
       100     1  3153.5892
       100     2  4186.7699
       100     3  2438.5324
       100     4  2528.4668
       100     5  2579.8227
       100     6  2316.9219
       100     7  2230.1312
       100     8  2068.3701
       100     9  2094.0700
       100    10  1914.1436
       100    11  1692.7762
       100    12  1682.3612
       100    13  1372.6405
       100    14  1479.7313
       100    15  1257.1168
       100    16  1210.5658
       100    17  1023.9830
       100    18  1054.4754
       100    19  1036.0565
       100    20   952.9459
       100    21   810.1505
       100    22   842.0255
       100    23   757.8993
       100    24   736.5609
       100    25   733.3145
       100    26   609.5923
       100    27   603.5604
       100    28   528.8486
       100    29   566.4079
       100    30   557.1435
       100    31   538.9885
       100    32   469.5439
       100    33   493.5037
       100    34   428.5185
       100    35   423.7490
       100    36   415.8661
       100    37   398.5235
       100    38   386.8009
       100    39   378.5732
       100    40   392.8622
       150     1   241.4491
       150     2   388.2956
       150     3   447.6431
       150     4   424.9571
       150     5   477.8020
       150     6   494.9029
       150     7  1057.2835
       150     8   520.2040
       150     9   575.4961
       150    10   685.6763
       150    11   543.3701
       150    12   551.6330
       150    13   641.6836
       150    14   608.8743
       150    15   767.7063
       150    16   612.3920
       150    17   459.1866
       150    18   643.0413
       150    19   540.7204
       150    20   565.4221
       150    21   647.9094
       150    22   435.6829
       150    23   440.1546
       150    24   506.6064
       150    25   608.0590
       150    26   318.0942
       150    27   357.5181
       150    28   452.4066
       150    29   461.1325
       150    30   520.8252
       150    31   254.8637
       150    32   275.1510
       150    33   286.5152
       150    34   303.9610
       150    35   320.0408
       150    36   356.2062
       150    37   390.2013
       150    38   198.2040
       150    39   199.6253
       150    40   208.5040
       200     1   172.2335
       200     2   144.0117
       200     3   256.3020
       200     4   450.2522
       200     5   493.6073
       200     6   573.3111
       200     7   460.1092
       200     8   467.1979
       200     9   777.5279
       200    10   573.5067
       200    11   837.2355
       200    12   526.5006
       200    13   434.6143
       200    14   460.0285
       200    15   445.8222
       200    16   415.8041
       200    17   367.8796
       200    18   530.5743
       200    19   401.7403
       200    20   531.3954
       200    21   422.2835
       200    22   458.5132
       200    23   381.6705
       200    24   460.4118
       200    25   498.5413
       200    26   350.4414
       200    27   412.5106
       200    28   416.6689
       200    29   212.0681
       200    30   239.8741
       200    31   271.2178
       200    32   315.2720
       200    33   370.1663
       200    34   182.3531
       200    35   196.7909
       200    36   215.0313
       200    37   238.3156
       200    38   257.0140
       200    39   294.6353
       200    40   346.1048
       250     1    99.2485
       250     2   163.7330
       250     3   173.1349
       250     4   179.6816
       250     5   163.4552
       250     6   301.5421
       250     7   350.5110
       250     8   345.2994
       250     9   362.4542
       250    10   311.5493
       250    11   291.9086
       250    12   281.5536
       250    13   347.2979
       250    14   308.7052
       250    15   349.6966
       250    16   257.9671
       250    17   336.1248
       250    18   256.9379
       250    19   420.2574
       250    20   312.3010
       250    21   282.4600
       250    22   385.2782
       250    23   288.3804
       250    24   348.7598
       250    25   396.7895
       250    26   278.9583
       250    27   365.0292
       250    28   271.1575
       250    29   269.1656
       250    30   328.9323
       250    31   351.1844
       250    32   202.9316
       250    33   221.2569
       250    34   268.4930
       250    35   297.7664
       250    36   181.4606
       250    37   222.3808
       250    38   245.5108
       250    39   264.7413
       250    40   226.4573
       300     1    50.4723
       300     2    96.4582
       300     3   132.4211
       300     4   119.1011
       300     5   154.3339
       300     6   149.4735
       300     7   179.0955
       300     8   299.9259
       300     9   237.8357
       300    10   314.3526
       300    11   283.8986
       300    12   288.6357
       300    13   271.3517
       300    14   301.5580
       300    15   329.7834
       300    16   254.1476
       300    17   301.6096
       300    18   275.2664
       300    19   226.9568
       300    20   346.7845
       300    21   354.0863
       300    22   306.8282
       300    23   357.9392
       300    24   266.6358
       300    25   384.7331
       300    26   270.5941
       300    27   297.2232
       300    28   210.5190
       300    29   264.6266
       300    30   293.6545
       300    31   229.5668
       300    32   208.4642
       300    33   252.5335
       300    34   138.5744
       300    35   160.4676
       300    36   199.3004
       300    37   252.6324
       300    38   123.9615
       300    39   135.2871
       300    40   157.7486
       350     1    61.7674
       350     2   102.6491
       350     3   100.7501
       350     4   176.5712
       350     5   173.0160
       350     6   239.7447
       350     7   267.3447
       350     8   272.5411
       350     9   278.6639
       350    10   211.3070
       350    11   232.4971
       350    12   252.5527
       350    13   212.9246
       350    14   353.5934
       350    15   202.6654
       350    16   160.2453
       350    17   179.4108
       350    18   199.2371
       350    19   196.9864
       350    20   193.0055
       350    21   170.2893
       350    22   150.6248
       350    23   227.7233
       350    24   176.8150
       350    25   297.0545
       350    26   215.2377
       350    27   141.4012
       350    28   172.1913
       350    29   220.3630
       350    30   136.9839
       350    31   181.4164
       350    32   116.6553
       350    33   138.5508
       350    34   175.1356
       350    35   244.0681
       350    36   124.3332
       350    37   146.2562
       350    38   185.0621
       350    39   115.2346
       350    40   125.4235
       400     1    45.9803
       400     2    83.0209
       400     3   122.6990
       400     4   143.9554
       400     5   139.7949
       400     6   181.2154
       400     7   187.3284
       400     8   243.5407
       400     9   222.9370
       400    10   186.1599
       400    11   258.0251
       400    12   177.7696
       400    13   184.5170
       400    14   173.5790
       400    15   218.8650
       400    16   181.9976
       400    17   158.9377
       400    18   182.5397
       400    19   202.6843
       400    20   215.8085
       400    21   219.9877
       400    22   200.8268
       400    23   167.7729
       400    24   144.2803
       400    25   251.9346
       400    26   188.7162
       400    27   141.8859
       400    28   174.0679
       400    29   112.9293
       400    30   155.7552
       400    31   108.4260
       400    32   130.2636
       400    33   181.8971
       400    34   107.9436
       400    35   132.9462
       400    36   183.2332
       400    37    98.2754
       400    38   119.3882
       400    39   150.8092
       400    40   205.4075
       450     1    33.9309
       450     2    58.4702
       450     3    91.5525
       450     4   118.6623
       450     5   130.6139
       450     6   145.1385
       450     7   170.4736
       450     8   181.1736
       450     9   164.8713
       450    10   209.2236
       450    11   191.0500
       450    12   187.1469
       450    13   130.5840
       450    14   219.7228
       450    15   164.0638
       450    16   152.4561
       450    17   172.1568
       450    18   168.2951
       450    19   122.6584
       450    20   145.8278
       450    21   140.1192
       450    22   149.9491
       450    23   128.6636
       450    24   121.7757
       450    25   226.5477
       450    26   164.5759
       450    27   125.9837
       450    28   185.7725
       450    29   119.2671
       450    30   189.9204
       450    31   120.7250
       450    32   178.7204
       450    33   109.5118
       450    34   148.2813
       450    35    87.3148
       450    36   111.5049
       450    37   154.6102
       450    38    87.5621
       450    39   106.4039
       450    40   137.1510
       500     1    29.5976
       500     2    49.5925
       500     3    64.7886
       500     4    80.7071
       500     5    92.3628
       500     6   110.2984
       500     7   116.9501
       500     8   136.4080
       500     9   139.3202
       500    10   145.4491
       500    11   138.9815
       500    12   157.8246
       500    13   141.9577
       500    14   156.0310
       500    15   148.8861
       500    16   161.3209
       500    17   129.4808
       500    18   112.7196
       500    19   129.4857
       500    20   163.6703
       500    21   101.6489
       500    22   106.4601
       500    23   104.7349
       500    24    98.0365
       500    25   200.7106
       500    26   155.1668
       500    27   124.5315
       500    28    91.5162
       500    29   143.2933
       500    30    98.0205
       500    31   150.9598
       500    32    94.3911
       500    33   151.4110
       500    34    89.2274
       500    35   123.0310
       500    36    78.7462
       500    37    99.2887
       500    38   134.8805
       500    39    77.6831
       500    40    98.8698
       550     1    24.9938
       550     2    43.0547
       550     3    49.4302
       550     4    80.0839
       550     5    66.8358
       550     6    82.5384
       550     7   102.2252
       550     8   100.6593
       550     9   119.2213
       550    10   120.5834
       550    11   114.1903
       550    12   103.9680
       550    13   127.3558
       550    14   156.6326
       550    15   116.6206
       550    16   139.4576
       550    17   126.9710
       550    18   105.4951
       550    19    88.4855
       550    20   106.5758
       550    21   121.7599
       550    22   152.4189
       550    23    98.7459
       550    24    89.4487
       550    25   169.2707
       550    26   138.6498
       550    27   122.9165
       550    28   108.4762
       550    29    75.1963
       550    30   106.0341
       550    31    83.1614
       550    32   116.8031
       550    33    90.2465
       550    34   120.6689
       550    35    78.4556
       550    36   110.3961
       550    37    70.8050
       550    38    90.8300
       550    39   133.3209
       550    40    76.2854
       600     1    18.3833
       600     2    31.7405
       600     3    44.9661
       600     4    64.0857
       600     5    73.7114
       600     6    96.3862
       600     7    68.9417
       600     8    96.3131
       600     9    86.9864
       600    10   106.5522
       600    11   109.9472
       600    12   113.4035
       600    13    99.1202
       600    14   110.2334
       600    15   123.6154
       600    16   114.9730
       600    17    93.6333
       600    18   117.3726
       600    19    97.8112
       600    20   117.0445
       600    21    88.3792
       600    22   120.4388
       600    23   120.7181
       600    24   140.4410
       600    25   140.9706
       600    26   129.8975
       600    27   128.9571
       600    28    93.1019
       600    29    83.2692
       600    30   139.6614
       600    31   110.8148
       600    32    71.4888
       600    33   121.7510
       600    34    76.5170
       600    35   121.9769
       600    36    74.0782
       600    37   102.3275
       600    38    65.8743
       600    39    88.1550
       600    40   134.7204
       650     1    17.6238
       650     2    27.6517
       650     3    39.1595
       650     4    50.3875
       650     5    57.1284
       650     6    71.7847
       650     7    67.4092
       650     8    88.1086
       650     9    91.8639
       650    10    90.8732
       650    11    91.2060
       650    12    86.2288
       650    13   113.6743
       650    14   104.8362
       650    15    91.5641
       650    16   114.3042
       650    17   108.9751
       650    18   128.1589
       650    19    93.5154
       650    20   105.9948
       650    21    75.5617
       650    22    91.6837
       650    23    91.1731
       650    24   115.1714
       650    25   173.8033
       650    26   118.0589
       650    27   113.7418
       650    28   103.1704
       650    29    87.2866
       650    30    74.8873
       650    31    61.8728
       650    32    90.5703
       650    33    74.3784
       650    34   105.2422
       650    35    75.4469
       650    36   117.4564
       650    37    71.0310
       650    38   108.5639
       650    39    65.7164
       650    40    88.1924
       700     1    14.7714
       700     2    27.2159
       700     3    37.1618
       700     4    41.8064
       700     5    55.5679
       700     6    61.8617
       700     7    63.1708
       700     8    65.1672
       700     9    74.9252
       700    10    86.6457
       700    11    86.7454
       700    12    68.2619
       700    13    66.9784
       700    14    72.6820
       700    15    76.7848
       700    16    63.4947
       700    17    71.0273
       700    18    67.7192
       700    19    65.1500
       700    20    82.2078
       700    21    77.4763
       700    22    67.2951
       700    23    83.5450
       700    24    90.3998
       700    25    97.7745
       700    26    60.4920
       700    27    59.2795
       700    28   107.3405
       700    29    94.9801
       700    30    77.9090
       700    31    64.4048
       700    32    57.1740
       700    33    89.9500
       700    34    65.6226
       700    35   117.6058
       700    36    72.5531
       700    37    53.2573
       700    38    71.1639
       700    39    50.5316
       700    40    65.8009
       750     1    12.2427
       750     2    24.2103
       750     3    33.1600
       750     4    41.7850
       750     5    57.9209
       750     6    56.2455
       750     7    65.2092
       750     8    67.9021
       750     9    73.5069
       750    10    85.8968
       750    11    85.8773
       750    12    93.1231
       750    13    79.7434
       750    14   114.3015
       750    15    92.3495
       750    16   112.7995
       750    17    82.5227
       750    18    80.8743
       750    19    79.7819
       750    20   108.4454
       750    21    84.1084
       750    22   135.4237
       750    23    86.3387
       750    24    97.5775
       750    25   145.3468
       750    26    83.4983
       750    27    81.5740
       750    28    77.9108
       750    29    67.9592
       750    30   180.4737
       750    31   132.0091
       750    32    85.1200
       750    33    70.9650
       750    34   145.7033
       750    35    74.5981
       750    36    62.3504
       750    37    85.1478
       750    38    63.1175
       750    39    85.5810
       750    40    62.4225
       800     1    10.0299
       800     2    17.5905
       800     3    26.2681
       800     4    33.6081
       800     5    42.8537
       800     6    45.0494
       800     7    59.2529
       800     8    67.2817
       800     9    59.0807
       800    10    79.5147
       800    11    64.7946
       800    12    64.7911
       800    13    72.6337
       800    14    65.9433
       800    15    86.5222
       800    16    70.2876
       800    17    84.5129
       800    18    61.0361
       800    19    63.0412
       800    20    65.9811
       800    21    68.4125
       800    22    68.4889
       800    23    66.8843
       800    24    80.1145
       800    25    86.1986
       800    26    66.9262
       800    27    65.4525
       800    28    67.4217
       800    29    70.6602
       800    30    56.1839
       800    31    54.2428
       800    32   145.6218
       800    33    82.1168
       800    34    62.1735
       800    35    55.6185
       800    36    76.8632
       800    37    59.2519
       800    38   116.3363
       800    39    70.9092
       800    40   101.4123
       850     1     9.7244
       850     2    17.5839
       850     3    22.3955
       850     4    33.7466
       850     5    44.9610
       850     6    47.1733
       850     7    47.5079
       850     8    52.2865
       850     9    51.6100
       850    10    58.2264
       850    11    55.2708
       850    12    69.1038
       850    13    51.7772
       850    14    56.6706
       850    15    69.4838
       850    16    74.9087
       850    17    60.3498
       850    18    62.8825
       850    19    55.9906
       850    20    65.4146
       850    21    61.1500
       850    22    62.5219
       850    23    61.1175
       850    24    64.4685
       850    25    81.6672
       850    26    68.5809
       850    27    73.6274
       850    28    72.7871
       850    29    79.6965
       850    30   121.7395
       850    31    94.1659
       850    32    59.3333
       850    33    59.2450
       850    34   130.9852
       850    35    74.8656
       850    36    64.4131
       850    37    51.3689
       850    38    71.6434
       850    39    57.8177
       850    40    78.1823
       900     1     8.8810
       900     2    17.0449
       900     3    23.6032
       900     4    29.6426
       900     5    37.3486
       900     6    40.8973
       900     7    43.2384
       900     8    49.0973
       900     9    54.7124
       900    10    46.6291
       900    11    51.0523
       900    12    52.4357
       900    13    54.8565
       900    14    67.4515
       900    15    69.5741
       900    16    58.0117
       900    17    50.5333
       900    18    62.2716
       900    19    53.4454
       900    20    64.8793
       900    21    51.7197
       900    22    55.7224
       900    23    63.9642
       900    24    68.5034
       900    25    74.8704
       900    26    66.2995
       900    27    68.5394
       900    28    81.0386
       900    29    97.4754
       900    30   109.9236
       900    31   113.4426
       900    32   118.7963
       900    33    82.3391
       900    34    64.3605
       900    35    56.1729
       900    36   103.3979
       900    37    63.4652
       900    38    53.8401
       900    39    96.8648
       900    40    60.8258
       950     1     7.9119
       950     2    14.5521
       950     3    20.8588
       950     4    25.1004
       950     5    33.7608
       950     6    36.5076
       950     7    38.8187
       950     8    48.3628
       950     9    51.6072
       950    10    50.9588
       950    11    66.3706
       950    12    70.8127
       950    13    81.3016
       950    14    54.1193
       950    15    72.3124
       950    16    52.7114
       950    17    46.2175
       950    18    56.5570
       950    19    64.3841
       950    20    56.8760
       950    21    55.2406
       950    22    57.4491
       950    23    55.1405
       950    24    57.5009
       950    25    64.9936
       950    26    62.9900
       950    27    67.0858
       950    28    48.3226
       950    29    51.8869
       950    30    57.1550
       950    31    52.3962
       950    32    52.5783
       950    33    50.4280
       950    34    47.8471
       950    35    72.4787
       950    36    61.1940
       950    37    49.2531
       950    38    81.1993
       950    39    60.6759
       950    40    49.0806
      1000     1     7.1017
      1000     2    12.2456
      1000     3    19.9361
      1000     4    26.2942
      1000     5    30.1335
      1000     6    36.0641
      1000     7    37.8812
      1000     8    41.0946
      1000     9    39.5486
      1000    10    42.7237
      1000    11    51.1123
      1000    12    58.5520
      1000    13    48.5393
      1000    14    75.2123
      1000    15    53.4732
      1000    16    67.7059
      1000    17    50.0371
      1000    18    84.3652
      1000    19    52.0426
      1000    20    85.8026
      1000    21    61.4561
      1000    22    86.6029
      1000    23    63.8700
      1000    24    79.8755
      1000    25   104.6876
      1000    26    76.2381
      1000    27    86.3986
      1000    28    55.3072
      1000    29    69.9316
      1000    30    69.8953
      1000    31    85.1720
      1000    32    91.0439
      1000    33    68.9500
      1000    34    66.2470
      1000    35    54.5273
      1000    36    49.1490
      1000    37    96.3328
      1000    38    61.3448
      1000    39    51.4989
      1000    40    92.2183
