        50     1  2955.1940
        50     2  5349.9213
        50     3  7175.8721
        50     4  8514.4073
        50     5 10719.6949
        50     6 11619.9966
        50     7 12499.9473
        50     8 12933.8759
        50     9 14791.7957
        50    10 15148.8070
        50    11 14944.6531
        50    12 15128.3935
        50    13 16212.9305
        50    14 16793.8812
        50    15 17228.5809
        50    16 17094.2322
        50    17 17244.6174
        50    18 14515.9617
        50    19 10795.9783
        50    20 17356.6186
       100     1  4482.9696
       100     2  7754.4498
       100     3 10560.8839
       100     4 12204.3036
       100     5  7667.6717
       100     6  8314.6379
       100     7 13100.4798
       100     8 12613.2205
       100     9 12048.5854
       100    10 12545.5754
       100    11 11837.1148
       100    12  8618.3313
       100    13  9083.8327
       100    14  7747.8289
       100    15 11185.7673
       100    16 10855.6782
       100    17 10910.3936
       100    18  8435.9619
       100    19  9938.6897
       100    20  9929.2265
       150     1   341.6553
       150     2   621.8652
       150     3   747.4996
       150     4   835.5429
       150     5  1355.3616
       150     6  1214.5592
       150     7  1252.6865
       150     8  1881.3296
       150     9  1926.8314
       150    10  2147.7531
       150    11  2133.4049
       150    12  2233.3545
       150    13  1454.3372
       150    14  2291.6106
       150    15  1901.1081
       150    16  2043.3407
       150    17  2390.2257
       150    18  1851.2577
       150    19  2023.5901
       150    20  2548.3235
       200     1   189.9089
       200     2   360.5060
       200     3   514.3806
       200     4   636.9525
       200     5   818.7393
       200     6   955.9177
       200     7  1069.4925
       200     8  1158.8980
       200     9  1317.8689
       200    10  1402.8556
       200    11  1123.2578
       200    12  1583.9697
       200    13  1634.4515
       200    14  1749.5994
       200    15  1775.2625
       200    16  1762.2698
       200    17  1802.5562
       200    18  1884.4734
       200    19  1889.2166
       200    20  1941.3739
       250     1   121.3324
       250     2   234.4925
       250     3   340.9586
       250     4   449.4618
       250     5   553.5164
       250     6   643.7715
       250     7   727.2518
       250     8   819.0748
       250     9   625.8349
       250    10  1002.8898
       250    11  1048.5534
       250    12   903.0732
       250    13  1136.4004
       250    14  1213.5625
       250    15   967.8706
       250    16  1369.7530
       250    17  1371.4254
       250    18  1414.6085
       250    19  1380.3944
       250    20  1433.9140
       300     1    84.0499
       300     2   140.9602
       300     3   237.3245
       300     4   315.6298
       300     5   392.3769
       300     6   419.8744
       300     7   526.0541
       300     8   579.7374
       300     9   629.5292
       300    10   576.4750
       300    11   740.4194
       300    12   741.5632
       300    13   815.4928
       300    14   862.7492
       300    15   861.2737
       300    16   903.2849
       300    17   929.7739
       300    18   976.9309
       300    19   968.7445
       300    20   645.1219
       350     1    61.6505
       350     2   119.7276
       350     3   171.8279
       350     4   229.9748
       350     5   293.4031
       350     6   328.1575
       350     7   389.9188
       350     8   425.3541
       350     9   488.0781
       350    10   383.7078
       350    11   437.1882
       350    12   586.5250
       350    13   629.7021
       350    14   670.3208
       350    15   702.1406
       350    16   734.4425
       350    17   749.4117
       350    18   753.2767
       350    19   778.4781
       350    20   697.0197
       400     1    47.1222
       400     2    89.2842
       400     3   131.6484
       400     4   176.1780
       400     5   225.3204
       400     6   237.2373
       400     7   283.6908
       400     8   325.6770
       400     9   344.2451
       400    10   401.8862
       400    11   424.4056
       400    12   461.7792
       400    13   495.8808
       400    14   520.8773
       400    15   528.3439
       400    16   579.5078
       400    17   584.8135
       400    18   525.8263
       400    19   616.4236
       400    20   640.1993
       450     1    35.3133
       450     2    66.0439
       450     3   105.2898
       450     4   130.7247
       450     5   153.5747
       450     6   188.5847
       450     7   217.3599
       450     8   245.4474
       450     9   271.6618
       450    10   290.4232
       450    11   335.8429
       450    12   305.8791
       450    13   409.7491
       450    14   401.7033
       450    15   440.2646
       450    16   460.8919
       450    17   466.4120
       450    18   485.8612
       450    19   486.2644
       450    20   483.9882
       500     1    30.6769
       500     2    59.6122
       500     3    88.0354
       500     4   111.4176
       500     5   130.1090
       500     6   156.3833
       500     7   181.9678
       500     8   197.0758
       500     9   194.3313
       500    10   254.0474
       500    11   273.5148
       500    12   202.8729
       500    13   313.4562
       500    14   326.6034
       500    15   324.3018
       500    16   306.0501
       500    17   359.7975
       500    18   388.1508
       500    19   399.2000
       500    20   413.4335
       550     1    24.3938
       550     2    39.3653
       550     3    62.2810
       550     4    85.7241
       550     5   109.1927
       550     6   119.6417
       550     7   146.0351
       550     8   167.5052
       550     9   187.5556
       550    10   199.0738
       550    11   209.8934
       550    12   233.5666
       550    13   259.0954
       550    14   163.6138
       550    15   272.9171
       550    16   259.8107
       550    17   299.1415
       550    18   295.7996
       550    19   323.7231
       550    20   335.6129
       600     1    20.6960
       600     2    38.2153
       600     3    56.3335
       600     4    70.0816
       600     5    91.2686
       600     6   101.5928
       600     7   124.0711
       600     8   140.8320
       600     9   148.4716
       600    10   149.3490
       600    11   182.4062
       600    12   208.4614
       600    13   188.4166
       600    14   221.7101
       600    15   232.6694
       600    16   236.8948
       600    17   252.2905
       600    18   271.7546
       600    19   258.8521
       600    20   270.7720
       650     1    15.4472
       650     2    29.7788
       650     3    43.5498
       650     4    64.2876
       650     5    66.7869
       650     6    89.0886
       650     7    96.5462
       650     8   118.1101
       650     9   123.8511
       650    10   123.3586
       650    11   156.4557
       650    12   167.0515
       650    13   159.6869
       650    14   160.1008
       650    15   196.8534
       650    16   203.0898
       650    17   215.0495
       650    18   212.2471
       650    19   215.2060
       650    20   251.0080
       700     1    13.4148
       700     2    26.3547
       700     3    39.2143
       700     4    49.5832
       700     5    65.9897
       700     6    79.6863
       700     7    84.6526
       700     8   103.5607
       700     9   109.5166
       700    10   115.4945
       700    11   137.2586
       700    12   136.7438
       700    13   146.1923
       700    14   161.4599
       700    15   160.0230
       700    16   171.3980
       700    17   194.5957
       700    18   183.0841
       700    19   218.8699
       700    20   195.3398
       750     1    13.0777
       750     2    24.3136
       750     3    36.6792
       750     4    48.5404
       750     5    65.1359
       750     6    77.7231
       750     7    88.3076
       750     8   102.9445
       750     9   109.1357
       750    10   125.6690
       750    11   131.8998
       750    12   147.0810
       750    13   151.5647
       750    14   170.7356
       750    15   175.6562
       750    16   188.4647
       750    17   197.5483
       750    18   205.5828
       750    19   192.7285
       750    20   197.6264
       800     1    11.5092
       800     2    22.1041
       800     3    33.7274
       800     4    42.3885
       800     5    55.9187
       800     6    61.5676
       800     7    66.4285
       800     8    66.7011
       800     9    87.9493
       800    10    86.5979
       800    11   104.5973
       800    12   105.3015
       800    13   108.9903
       800    14   118.4594
       800    15   131.7038
       800    16   131.1367
       800    17   146.2557
       800    18   150.6542
       800    19   158.7758
       800    20   155.6183
       850     1    10.2723
       850     2    19.6829
       850     3    28.7413
       850     4    37.2926
       850     5    49.2957
       850     6    56.3938
       850     7    68.2631
       850     8    75.0513
       850     9    83.7858
       850    10    79.1323
       850    11   100.5558
       850    12   107.7322
       850    13   102.4743
       850    14   117.5764
       850    15   101.9862
       850    16   114.4978
       850    17   118.7020
       850    18   120.0161
       850    19   151.7273
       850    20   139.2930
       900     1     8.1933
       900     2    17.4547
       900     3    26.1063
       900     4    30.0974
       900     5    42.5305
       900     6    52.1790
       900     7    60.5556
       900     8    68.5576
       900     9    74.9885
       900    10    77.5168
       900    11    85.3345
       900    12    87.7802
       900    13    89.0722
       900    14   100.4045
       900    15   108.9357
       900    16   109.2735
       900    17   116.7275
       900    18   110.5096
       900    19   122.9247
       900    20   119.0931
       950     1     8.1457
       950     2    15.2666
       950     3    22.5515
       950     4    31.4395
       950     5    38.6958
       950     6    45.8624
       950     7    53.0681
       950     8    57.3651
       950     9    68.3942
       950    10    69.3111
       950    11    79.5609
       950    12    77.1912
       950    13    81.0235
       950    14    95.9761
       950    15    81.5390
       950    16   109.6608
       950    17   114.9725
       950    18    91.5571
       950    19   122.3972
       950    20   100.7063
      1000     1     6.7738
      1000     2    11.8985
      1000     3    18.7234
      1000     4    25.5134
      1000     5    32.6313
      1000     6    38.1079
      1000     7    44.0478
      1000     8    51.5080
      1000     9    60.0301
      1000    10    59.9718
      1000    11    70.4210
      1000    12    74.9875
      1000    13    80.9635
      1000    14    79.5680
      1000    15    83.3571
      1000    16    99.0265
      1000    17   103.5036
      1000    18   104.4912
      1000    19    92.7338
      1000    20    94.6669
        50     1  2858.1386
        50     2  4722.6366
        50     3  7131.0715
        50     4  9131.1938
        50     5 10815.8172
        50     6 11514.8841
        50     7 12505.4704
        50     8  9226.4671
        50     9 14462.4928
        50    10 14599.4144
        50    11 14387.7452
        50    12 15114.1281
        50    13 12281.6728
        50    14 15892.3690
        50    15 15918.0721
        50    16 16743.2469
        50    17 11351.2947
        50    18 17032.6260
        50    19 11879.2162
        50    20 15735.4736
       100     1  4669.9828
       100     2  6802.7732
       100     3 10141.9554
       100     4 12049.8741
       100     5 12473.7632
       100     6 12971.3752
       100     7 12219.9441
       100     8 12598.3403
       100     9 12221.1703
       100    10 12258.5606
       100    11 11403.3646
       100    12 11124.8612
       100    13 11045.8590
       100    14 11145.2670
       100    15 11219.6398
       100    16 11038.4599
       100    17 10459.7895
       100    18 10423.9942
       100    19 10509.1800
       100    20  9967.9520
       150     1   337.8006
       150     2   596.2635
       150     3   888.0615
       150     4  1144.0027
       150     5   974.9670
       150     6  1518.0811
       150     7  1760.6066
       150     8  1843.6120
       150     9  1998.3576
       150    10  2019.1991
       150    11  2109.4771
       150    12  2178.1849
       150    13  2320.5912
       150    14  2291.2256
       150    15  2250.5326
       150    16  2004.9341
       150    17  2491.9190
       150    18  2422.2780
       150    19  1888.4329
       150    20  1841.7326
       200     1   188.8247
       200     2   354.7184
       200     3   489.9449
       200     4   660.9014
       200     5   794.4533
       200     6   719.5590
       200     7   898.9540
       200     8  1168.2606
       200     9  1232.6915
       200    10  1375.7095
       200    11  1441.9741
       200    12  1073.5742
       200    13  1607.0014
       200    14  1717.0589
       200    15  1701.3255
       200    16  1814.7136
       200    17  1129.9837
       200    18  1703.5592
       200    19  1918.3285
       200    20  1883.4229
       250     1   120.8261
       250     2   201.1017
       250     3   327.2686
       250     4   375.7936
       250     5   542.5851
       250     6   591.1470
       250     7   699.5055
       250     8   788.7633
       250     9   832.6544
       250    10   939.9197
       250    11   994.6146
       250    12   630.2472
       250    13  1124.7606
       250    14  1194.5165
       250    15  1275.9553
       250    16  1166.5479
       250    17  1316.6054
       250    18  1369.2435
       250    19  1381.5663
       250    20  1441.6752
       300     1    83.5124
       300     2   151.9358
       300     3   231.4544
       300     4   283.9179
       300     5   338.0279
       300     6   416.6031
       300     7   498.8117
       300     8   592.5528
       300     9   462.7875
       300    10   467.5866
       300    11   729.9724
       300    12   739.2751
       300    13   811.5724
       300    14   857.8896
       300    15   884.6128
       300    16   678.2932
       300    17   921.2801
       300    18   862.1607
       300    19   861.4537
       300    20   868.8926
       350     1    61.7749
       350     2   105.1170
       350     3   163.8832
       350     4   216.9745
       350     5   251.2673
       350     6   313.1498
       350     7   277.8411
       350     8   406.6038
       350     9   449.6600
       350    10   512.0981
       350    11   538.9634
       350    12   551.1648
       350    13   626.4941
       350    14   652.1855
       350    15   694.5279
       350    16   728.2508
       350    17   692.4862
       350    18   592.6621
       350    19   755.1087
       350    20   805.3083
       400     1    47.2334
       400     2    77.6672
       400     3   131.8585
       400     4   178.5450
       400     5   218.3767
       400     6   250.2563
       400     7   273.5754
       400     8   321.2769
       400     9   337.4238
       400    10   375.5698
       400    11   417.8623
       400    12   399.3991
       400    13   484.1963
       400    14   526.7741
       400    15   529.1210
       400    16   574.4665
       400    17   538.1769
       400    18   495.7038
       400    19   622.0691
       400    20   636.6809
       450     1    36.9310
       450     2    68.5636
       450     3   101.3581
       450     4   125.1141
       450     5   163.9342
       450     6   189.2765
       450     7   223.2660
       450     8   248.0013
       450     9   273.9210
       450    10   319.6406
       450    11   347.9266
       450    12   369.2832
       450    13   389.6339
       450    14   377.4450
       450    15   430.7336
       450    16   430.0158
       450    17   451.1552
       450    18   473.3252
       450    19   476.0287
       450    20   486.3999
       500     1    29.9519
       500     2    54.9855
       500     3    84.9779
       500     4   115.6661
       500     5   140.7404
       500     6   167.6713
       500     7   192.5604
       500     8   218.6013
       500     9   245.0943
       500    10   262.7828
       500    11   273.3249
       500    12   296.2612
       500    13   312.5422
       500    14   331.0630
       500    15   350.8642
       500    16   296.5275
       500    17   230.8366
       500    18   327.7412
       500    19   335.4219
       500    20   416.0025
       550     1    24.1722
       550     2    47.4406
       550     3    68.9004
       550     4    88.6946
       550     5   111.2327
       550     6   132.1539
       550     7   159.8938
       550     8   180.4148
       550     9   198.1129
       550    10   213.1286
       550    11   228.5621
       550    12   246.4936
       550    13   264.4367
       550    14   258.7578
       550    15   297.3776
       550    16   312.3545
       550    17   319.6182
       550    18   321.2361
       550    19   327.2521
       550    20   347.4949
       600     1    20.1479
       600     2    39.5806
       600     3    56.5489
       600     4    74.5149
       600     5    94.7690
       600     6   113.3838
       600     7   126.7705
       600     8   150.5136
       600     9   161.1805
       600    10   186.8249
       600    11   196.2337
       600    12   206.7577
       600    13   214.4556
       600    14   235.5897
       600    15   231.1689
       600    16   263.8535
       600    17   279.2784
       600    18   263.3213
       600    19   290.8623
       600    20   307.9265
       650     1    17.4130
       650     2    30.7751
       650     3    45.9239
       650     4    67.3954
       650     5    84.6091
       650     6    97.9701
       650     7   117.0205
       650     8   130.3206
       650     9   145.7961
       650    10   111.8015
       650    11   148.8101
       650    12   180.7259
       650    13   156.6884
       650    14   201.4644
       650    15   217.9825
       650    16   215.5617
       650    17   229.0122
       650    18   238.7606
       650    19   249.7680
       650    20   262.3256
       700     1    15.1561
       700     2    28.7133
       700     3    41.4881
       700     4    54.9636
       700     5    68.0400
       700     6    88.7811
       700     7   102.4889
       700     8   114.8423
       700     9   115.9040
       700    10   131.7202
       700    11   147.9220
       700    12   155.0206
       700    13   166.9070
       700    14   158.6670
       700    15   190.6415
       700    16   150.2571
       700    17   201.0313
       700    18   179.2935
       700    19   219.6680
       700    20   230.5683
       750     1    13.1137
       750     2    22.9701
       750     3    35.8813
       750     4    48.4105
       750     5    57.7238
       750     6    73.9524
       750     7    72.5702
       750     8    90.1102
       750     9   104.2090
       750    10   113.9407
       750    11   108.0131
       750    12   117.3909
       750    13   140.6714
       750    14   155.2996
       750    15   152.9858
       750    16    91.9486
       750    17   175.8614
       750    18   183.6617
       750    19   190.5352
       750    20   197.8571
       800     1    11.6099
       800     2    21.8832
       800     3    32.7947
       800     4    42.8357
       800     5    53.4644
       800     6    58.6393
       800     7    78.7242
       800     8    86.3804
       800     9    88.3058
       800    10    88.7976
       800    11   113.3786
       800    12    96.4630
       800    13   129.8203
       800    14   138.3109
       800    15   111.8774
       800    16   148.4445
       800    17   153.5463
       800    18   160.8965
       800    19   169.2780
       800    20   169.7957
       850     1    10.3222
       850     2    18.7530
       850     3    30.0093
       850     4    39.4438
       850     5    48.1534
       850     6    59.2729
       850     7    68.3749
       850     8    72.5306
       850     9    82.2006
       850    10    79.7277
       850    11    95.9482
       850    12    91.6419
       850    13   114.6086
       850    14   118.1501
       850    15   126.0200
       850    16   126.5407
       850    17   127.4627
       850    18   142.6150
       850    19   150.8867
       850    20   156.5700
       900     1     9.1878
       900     2    17.1899
       900     3    26.1394
       900     4    30.4234
       900     5    40.3934
       900     6    46.3245
       900     7    57.6885
       900     8    57.3337
       900     9    58.2690
       900    10    76.2791
       900    11    79.0877
       900    12    95.8137
       900    13    96.6247
       900    14   102.2331
       900    15   115.0397
       900    16   116.1612
       900    17   118.7461
       900    18   130.4737
       900    19   118.2905
       900    20   142.5949
       950     1     8.2664
       950     2    15.5175
       950     3    23.5118
       950     4    31.3598
       950     5    38.7858
       950     6    45.1635
       950     7    54.8889
       950     8    62.0437
       950     9    67.8298
       950    10    66.0438
       950    11    78.8977
       950    12    87.6798
       950    13    90.0823
       950    14    91.8027
       950    15    84.8261
       950    16    59.8015
       950    17    66.5293
       950    18    71.7580
       950    19    69.4634
       950    20    79.9257
      1000     1     7.4223
      1000     2    14.5773
      1000     3    21.8833
      1000     4    28.8535
      1000     5    35.5597
      1000     6    39.7080
      1000     7    50.2965
      1000     8    53.7391
      1000     9    53.1661
      1000    10    65.9081
      1000    11    69.2344
      1000    12    76.4727
      1000    13    84.2344
      1000    14    89.5731
      1000    15    89.8774
      1000    16    91.3821
      1000    17   105.7597
      1000    18    84.8427
      1000    19    86.0889
      1000    20   108.4988
        50    21 11747.2492
        50    22 12873.2410
        50    23 12104.4736
        50    24 12389.2342
        50    25 16338.7419
        50    26 12757.1072
        50    27 11081.3494
        50    28 11071.2915
        50    29 10792.2789
        50    30 11472.1396
        50    31 11391.1906
        50    32 11087.3214
        50    33 11023.8956
        50    34 11310.9644
        50    35 11378.0705
        50    36 14133.1308
        50    37 11260.3223
        50    38 10149.5652
        50    39 10858.9133
        50    40  9577.6437
       100    21  9674.4993
       100    22  9434.8788
       100    23  7687.1094
       100    24  8864.4899
       100    25  8629.4648
       100    26  7873.4223
       100    27  7964.2314
       100    28  6658.8538
       100    29  6550.2327
       100    30  6802.6346
       100    31  6536.0173
       100    32  6404.8029
       100    33  6204.5206
       100    34  4967.3346
       100    35  5984.9522
       100    36  5847.8856
       100    37  5928.5069
       100    38  7352.7248
       100    39  5427.0237
       100    40  4993.7136
       150    21  2399.9943
       150    22  2005.0787
       150    23  1890.3441
       150    24  1950.3837
       150    25  1892.6654
       150    26  1909.2604
       150    27  2139.9527
       150    28  2258.8016
       150    29  1845.1864
       150    30  1794.2123
       150    31  2080.2236
       150    32  1981.0904
       150    33  1749.1563
       150    34  1867.9785
       150    35  1995.2195
       150    36  1845.9256
       150    37  1856.6675
       150    38  1744.8431
       150    39  1970.6763
       150    40  1800.6636
       200    21  1306.4343
       200    22  1982.2839
       200    23  1777.8308
       200    24  2053.9977
       200    25  1835.1045
       200    26  1787.0356
       200    27  1776.9180
       200    28  1858.7566
       200    29  2087.8847
       200    30  1814.9378
       200    31  1732.3875
       200    32  1758.9906
       200    33  1716.4530
       200    34  1768.5100
       200    35  1584.8388
       200    36  1797.8348
       200    37  1763.4534
       200    38  1760.2158
       200    39  1751.2008
       200    40  1631.7543
       250    21  1533.5195
       250    22  1367.0782
       250    23  1572.6713
       250    24  1413.8637
       250    25  1270.6164
       250    26  1425.3327
       250    27  1444.2504
       250    28  1468.3523
       250    29  1390.7095
       250    30  1458.0386
       250    31  1360.2308
       250    32  1298.5711
       250    33  1404.3249
       250    34  1448.7744
       250    35  1383.9134
       250    36  1405.1511
       250    37  1372.1399
       250    38  1352.7460
       250    39  1379.1961
       250    40  1253.9493
       300    21  1029.4695
       300    22   973.9031
       300    23   999.2301
       300    24  1030.8534
       300    25  1033.6798
       300    26   968.8373
       300    27  1062.2411
       300    28  1017.3804
       300    29   977.1495
       300    30   953.8288
       300    31   961.7745
       300    32   990.1986
       300    33   925.3328
       300    34   938.0915
       300    35   922.9848
       300    36   930.4984
       300    37   869.0666
       300    38   876.3015
       300    39   870.2559
       300    40   808.0574
       350    21   823.5856
       350    22   804.7630
       350    23   747.4795
       350    24   806.9713
       350    25   791.2516
       350    26   770.3190
       350    27   782.2127
       350    28   771.2294
       350    29   723.7891
       350    30   760.2754
       350    31   821.4216
       350    32   605.0284
       350    33   728.8534
       350    34   784.3654
       350    35   774.9991
       350    36   786.5584
       350    37   831.4856
       350    38   789.2737
       350    39   922.3250
       350    40   771.6457
       400    21   666.9651
       400    22   630.9944
       400    23   637.8382
       400    24   642.5352
       400    25   609.3494
       400    26   634.2914
       400    27   641.5516
       400    28   632.1379
       400    29   658.3082
       400    30   657.4779
       400    31   629.2768
       400    32   663.4058
       400    33   666.8614
       400    34   616.0490
       400    35   623.4699
       400    36   633.6785
       400    37   654.0700
       400    38   632.7822
       400    39   608.6973
       400    40   648.3516
       450    21   508.8358
       450    22   488.9103
       450    23   518.6587
       450    24   498.1536
       450    25   495.3671
       450    26   499.1296
       450    27   515.5318
       450    28   473.5782
       450    29   483.5332
       450    30   463.8989
       450    31   522.4175
       450    32   473.0133
       450    33   484.8272
       450    34   472.5679
       450    35   512.5024
       450    36   470.5511
       450    37   492.3330
       450    38   454.4397
       450    39   469.2356
       450    40   460.5073
       500    21   359.3698
       500    22   395.3258
       500    23   382.0471
       500    24   388.7382
       500    25   411.5362
       500    26   410.5159
       500    27   413.7411
       500    28   375.0172
       500    29   382.5043
       500    30   404.7756
       500    31   383.4892
       500    32   388.1139
       500    33   369.6434
       500    34   383.7169
       500    35   369.6127
       500    36   392.1822
       500    37   363.2108
       500    38   367.7433
       500    39   365.1766
       500    40   393.5218
       550    21   344.2575
       550    22   352.4288
       550    23   352.1626
       550    24   342.2041
       550    25   348.9532
       550    26   340.9891
       550    27   392.5863
       550    28   331.0181
       550    29   384.2017
       550    30   362.5687
       550    31   342.5503
       550    32   326.6659
       550    33   374.6195
       550    34   358.0008
       550    35   344.9929
       550    36   343.5243
       550    37   387.9838
       550    38   372.8634
       550    39   393.5044
       550    40   352.6593
       600    21   301.8354
       600    22   299.9442
       600    23   279.2059
       600    24   352.4512
       600    25   336.2669
       600    26   261.8257
       600    27   322.1381
       600    28   299.1481
       600    29   340.4800
       600    30   353.2274
       600    31   357.9907
       600    32   345.9939
       600    33   349.8109
       600    34   355.5715
       600    35   308.4597
       600    36   351.1902
       600    37   322.9617
       600    38   345.2118
       600    39   364.3234
       600    40   365.0767
       650    21   274.1418
       650    22   279.0880
       650    23   274.0852
       650    24   290.4110
       650    25   275.8684
       650    26   268.1566
       650    27   281.5430
       650    28   278.2363
       650    29   273.6005
       650    30   228.3798
       650    31   279.6186
       650    32   245.6687
       650    33   313.0972
       650    34   319.9896
       650    35   273.0956
       650    36   289.6739
       650    37   323.8156
       650    38   265.5893
       650    39   309.8239
       650    40   324.4776
       700    21   205.8613
       700    22   247.9926
       700    23   234.5557
       700    24   258.2299
       700    25   251.4283
       700    26   204.1771
       700    27   259.3256
       700    28   255.2245
       700    29   233.9282
       700    30   214.5914
       700    31   248.4561
       700    32   219.5277
       700    33   274.9239
       700    34   243.0800
       700    35   285.9432
       700    36   281.0243
       700    37   248.2481
       700    38   244.4430
       700    39   257.9592
       700    40   259.2148
       750    21   189.6764
       750    22   202.7038
       750    23   201.3213
       750    24   219.4065
       750    25   208.2831
       750    26   213.3019
       750    27   218.6648
       750    28   189.2852
       750    29   216.3276
       750    30   201.1578
       750    31   225.3023
       750    32   225.9522
       750    33   243.5559
       750    34   208.7804
       750    35   245.8961
       750    36   251.0305
       750    37   232.2544
       750    38   232.8454
       750    39   232.8915
       750    40   248.8311
       800    21   175.4928
       800    22   170.8812
       800    23   201.0155
       800    24   186.5785
       800    25   199.8467
       800    26   177.2382
       800    27   188.9692
       800    28   210.1526
       800    29   186.7971
       800    30   190.8366
       800    31   183.4665
       800    32   191.4561
       800    33   204.8199
       800    34   206.5195
       800    35   198.1928
       800    36   202.9155
       800    37   208.8087
       800    38   206.3908
       800    39   202.6262
       800    40   159.5605
       850    21   158.1235
       850    22   174.0615
       850    23   143.0820
       850    24   165.1310
       850    25   172.0903
       850    26   181.1318
       850    27   159.7110
       850    28   157.8620
       850    29   161.0149
       850    30   173.0441
       850    31   179.7948
       850    32   171.1840
       850    33   175.3015
       850    34   182.5770
       850    35   171.7429
       850    36   187.3137
       850    37   167.9065
       850    38   177.8325
       850    39   191.9212
       850    40   180.2622
       900    21   140.7986
       900    22   150.3659
       900    23   155.7451
       900    24   165.4969
       900    25   163.4370
       900    26   107.4050
       900    27   144.2610
       900    28   136.9150
       900    29   164.6788
       900    30   154.3753
       900    31   151.3146
       900    32   161.2705
       900    33   170.0677
       900    34   175.2855
       900    35   171.1541
       900    36   167.0063
       900    37   178.7363
       900    38   160.3517
       900    39   156.5920
       900    40   171.6374
       950    21   125.0537
       950    22   105.5518
       950    23   128.5051
       950    24   141.6524
       950    25   135.2144
       950    26   117.8890
       950    27   146.3616
       950    28   129.7745
       950    29   139.4757
       950    30   132.5446
       950    31   131.6013
       950    32   144.7751
       950    33   137.3432
       950    34   127.1156
       950    35   163.9401
       950    36   148.5222
       950    37   156.5590
       950    38   144.7667
       950    39   175.1759
       950    40   156.4938
      1000    21   108.0849
        50    21 12997.5778
        50    22 11943.7058
        50    23 12762.0499
        50    24 13213.0708
        50    25 12792.4645
        50    26 13180.2000
        50    27 11773.9967
        50    28 12143.0941
        50    29 11735.4396
        50    30 13149.7253
        50    31 12520.5539
        50    32 10163.8798
        50    33 14679.6337
        50    34 16431.5636
        50    35 13344.2568
        50    36 10909.5622
        50    37 10469.2035
        50    38 13602.4404
        50    39  9724.7974
        50    40 10907.0214
       100    21  8875.2942
       100    22  8399.5813
       100    23  9432.8051
       100    24  9505.3033
       100    25  7941.9498
       100    26  8171.0664
       100    27  5771.1358
       100    28  7662.3387
        50    21 12942.1915
        50    22 12058.4800
        50    23 12151.3683
        50    24 13378.7180
        50    25 12859.3232
        50    26 12625.9373
        50    27 12097.0819
        50    28 12073.5095
        50    29 17737.2420
        50    30 10244.3142
        50    31 11682.0341
        50    32 11885.1849
        50    33 11346.6731
        50    34 13019.1927
        50    35 15947.3022
        50    36 10673.4069
        50    37 11087.0923
        50    38 12597.2235
        50    39 10430.1071
        50    40  8904.6058
       100    21  8047.7613
       100    22  9917.4058
       100    23  6861.4670
       100    24  9395.6511
       100    25  9282.3083
       100    26  9500.7114
       100    27  8996.2079
       100    28  9337.4961
       100    29  9310.0218
       100    30  7864.4013
       100    31  7512.1289
       100    32  6225.5361
       100    33  9029.0888
       100    34  5826.1781
       100    35  8527.7055
       100    36  5758.6853
       100    37  5985.1779
       100    38  5948.2024
       100    39  5541.6138
       100    40  6075.8023
       150    21  2416.0555
       150    22  2456.9187
       150    23  2445.0919
       150    24  2524.1264
       150    25  2204.2207
       150    26  2509.4832
       150    27  2496.2784
       150    28  2060.3050
       150    29  2612.5628
       150    30  1974.8552
       150    31  2610.5038
       150    32  1851.5347
       150    33  2146.2562
       150    34  2116.3407
       150    35  1832.0106
       150    36  1728.5295
       150    37  2241.6103
       150    38  1766.1716
       150    39  1777.2772
       150    40  1864.8144
       200    21  1973.4606
       200    22  2003.9767
       200    23  2013.8478
       200    24  1874.3208
       200    25  1891.4259
       200    26  1571.9019
       200    27  2057.6609
       200    28  1556.8297
       200    29  1690.9312
       200    30  2040.3271
       200    31  1701.7745
       200    32  1643.9889
       200    33  1733.2938
       200    34  1763.8642
       200    35  1762.9566
       200    36  1846.5425
       200    37  2038.5845
       200    38  1612.7125
       200    39  1763.9580
       200    40  1567.6252
       250    21  1326.4762
       250    22  1514.1816
       250    23  1587.4835
       250    24  1623.2173
       250    25  1449.8603
       250    26  1357.5686
       250    27  1598.6348
       250    28  1489.3691
       250    29  1058.7699
       250    30  1126.7329
       250    31  1497.0008
       250    32  1641.0071
       250    33  1838.0900
       250    34  1385.0477
       250    35  1621.6671
       250    36  1497.9373
       250    37  1576.5851
       250    38  1380.4457
       250    39  1323.5278
       250    40  1364.4606
       300    21   946.9415
       300    22   857.1995
       300    23  1117.5779
       300    24   885.8518
       300    25  1014.7255
       300    26   970.2547
       300    27   963.6750
       300    28  1077.9918
       300    29  1151.1880
       300    30  1024.7070
       300    31   917.3272
       300    32   934.4652
       300    33   926.9964
       300    34  1085.5468
       300    35   908.0296
       300    36   846.8809
       300    37   989.0527
       300    38   920.7098
       300    39   896.1304
       300    40   895.6732
       350    21   739.1488
       350    22   694.2267
       350    23   862.3841
       350    24   908.8184
       350    25   841.6286
       350    26   855.0362
       350    27   815.8511
       350    28   854.2735
       350    29   862.9010
       350    30   832.8222
       350    31   863.5246
       350    32   885.9701
       350    33   864.9374
       350    34   824.9452
       350    35   784.7940
       350    36   818.0370
       350    37   667.1690
       350    38   664.0558
       350    39   764.6529
       350    40   819.0697
       400    21   440.5365
       400    22   666.9676
       400    23   648.5498
       400    24   670.9743
       400    25   633.0519
       400    26   646.8283
       400    27   620.4675
       400    28   644.4460
       400    29   655.6407
       400    30   599.3809
       400    31   552.8901
       400    32   628.0239
       400    33   663.0390
       400    34   706.3485
       400    35   766.5933
       400    36   732.5771
       400    37   548.1510
       400    38   641.8569
       400    39   625.7959
       400    40   674.1033
       450    21   439.4229
       450    22   382.3127
       450    23   453.5963
       450    24   521.8231
       450    25   520.5777
       450    26   512.5393
       450    27   392.7198
       450    28   518.5044
       450    29   416.9872
       450    30   478.6903
       450    31   520.5441
       450    32   403.6324
       450    33   523.0032
       450    34   467.2103
       450    35   470.8352
       450    36   429.6376
       450    37   466.1351
       450    38   465.8559
       450    39   442.3979
       450    40   479.7239
       500    21   420.0861
       500    22   346.0184
       500    23   397.9202
       500    24   421.7827
       500    25   463.3244
       500    26   409.0321
       500    27   365.5306
       500    28   418.1859
       500    29   391.5010
       500    30   410.8882
       500    31   418.9905
       500    32   388.9379
       500    33   378.7773
       500    34   437.2490
       500    35   400.8113
       500    36   374.4384
       500    37   466.3561
       500    38   388.3813
       500    39   449.9131
       500    40   370.2283
       550    21   299.1180
       550    22   335.8670
       550    23   338.3309
       550    24   342.8271
       550    25   336.8782
       550    26   346.0454
       550    27   367.3496
       550    28   339.1031
       550    29   346.6419
       550    30   304.3661
       550    31   348.5492
       550    32   376.6840
       550    33   375.1769
       550    34   319.5891
       550    35   419.8152
       550    36   341.6277
       550    37   361.7076
       550    38   421.2943
       550    39   410.2268
       550    40   410.8428
       600    21   278.7222
       600    22   302.5267
       600    23   337.8163
       600    24   352.9718
       600    25   303.3340
       600    26   242.3850
       600    27   321.4114
       600    28   318.5428
       600    29   294.9287
       600    30   351.3324
       600    31   369.9814
       600    32   324.6031
       600    33   310.6880
       600    34   300.2664
       600    35   351.1765
       600    36   403.5387
       600    37   353.6026
       600    38   371.8952
       600    39   332.5556
       600    40   348.9913
       650    21   242.5486
       650    22   276.8986
       650    23   249.3990
       650    24   258.7497
       650    25   292.1047
       650    26   273.1295
       650    27   258.7217
       650    28   289.7401
       650    29   288.5472
       650    30   287.1748
       650    31   267.8001
       650    32   293.9485
       650    33   315.1330
       650    34   293.9506
       650    35   341.7631
       650    36   322.7523
       650    37   336.1687
       650    38   327.1981
       650    39   308.3490
       650    40   322.5464
       700    21   209.0501
       700    22   216.2259
       700    23   233.4297
       700    24   240.7917
       700    25   223.4203
       700    26   232.3845
       700    27   226.2699
       700    28   225.1331
       700    29   240.7506
       700    30   251.2328
       700    31   229.3688
       700    32   251.1051
       700    33   253.5102
       700    34   273.0513
       700    35   242.9647
       700    36   251.5082
       700    37   286.1461
       700    38   293.8052
       700    39   265.9475
       700    40   279.7883
       750    21   206.2016
       750    22   215.9642
       750    23   224.1092
       750    24   211.4744
       750    25   214.6955
       750    26   227.6717
       750    27   202.7081
       750    28   214.9773
       750    29   226.2888
       750    30   186.2223
       750    31   227.6598
       750    32   224.7427
       750    33   221.7148
       750    34   222.7358
       750    35   245.0548
       750    36   247.9430
       750    37   256.2318
       750    38   227.0434
       750    39   243.6953
       750    40   263.9746
       800    21   174.8263
       800    22   161.3263
       800    23   188.6145
       800    24   134.3740
       800    25   197.6896
       800    26   191.5524
       800    27   148.0668
       800    28   149.1746
       800    29   151.0191
       800    30   155.7846
       800    31   163.4070
       800    32   167.2273
       800    33   162.6635
       800    34   180.7173
       800    35   176.6996
       800    36   180.6779
       800    37   176.8542
       800    38   187.0091
       800    39   181.4545
       800    40   196.4096
       850    21   103.6617
       850    22   107.9167
       850    23   110.0279
       850    24   118.7919
       850    25   120.4691
       850    26   128.1070
       850    27   131.1627
       850    28   132.2310
       850    29   135.9195
       850    30   145.5258
       850    31   160.0047
       850    32   150.8699
       850    33   150.5094
       850    34   157.6972
       850    35   162.0063
       850    36   160.5807
       850    37   123.8038
       850    38   140.0472
       850    39   134.7195
       850    40   165.9586
       900    21    94.5528
       900    22    97.2877
       900    23    88.1137
       900    24    94.8443
       900    25    94.1167
       900    26   106.5158
       900    27   118.0432
       900    28   118.0640
       900    29   124.5898
       900    30   123.0458
       900    31   131.9375
       900    32   133.2410
       900    33   134.8242
       900    34   136.5219
       900    35   139.6981
       900    36   142.0670
       900    37   134.7708
       900    38   140.6849
       900    39   146.2274
       900    40   138.5615
       950    21    76.6675
       950    22    81.7255
       950    23    81.8861
       950    24    87.0117
       950    25    93.4889
       950    26    92.4911
       950    27    95.9875
       950    28    97.5935
       950    29   101.0286
       950    30   105.9261
       950    31   109.1054
       950    32   110.1930
       950    33   113.2220
       950    34   119.5436
       950    35   118.1812
       950    36   119.7503
       950    37   126.0928
       950    38   128.6044
       950    39   133.4711
       950    40   137.4637
      1000    21    64.9122
      1000    22    68.1841
      1000    23    69.6117
      1000    24    74.2653
      1000    25    77.6508
      1000    26    79.1161
      1000    27    83.3746
      1000    28   101.6991
      1000    29   103.1965
      1000    30   108.7956
      1000    31   113.8667
      1000    32   112.2890
      1000    33   113.7948
      1000    34   108.3867
      1000    35   115.6519
      1000    36   125.3028
      1000    37   125.9784
      1000    38   106.4726
      1000    39   130.7315
      1000    40   131.5326
        50     1  2435.6545
        50     2  4606.2415
        50     3  5183.9648
        50     4  7187.6555
        50     5  8718.8411
        50     6  9519.2561
        50     7 10491.9465
        50     8 10469.9537
        50     9 11946.9464
        50    10 13261.7491
        50    11 15619.0599
        50    12 13630.7888
        50    13 11917.1129
        50    14 15372.5446
        50    15 13222.9370
        50    16 11621.1462
        50    17 14142.3517
        50    18 14751.5875
        50    19 14364.0001
        50    20 11715.6037
        50    21 14315.2487
        50    22 14058.2453
        50    23 14302.1192
        50    24 10356.6268
        50    25 13777.0935
        50    26 18818.1884
        50    27 13424.5970
        50    28 11909.4959
        50    29 12781.4239
        50    30  9445.6914
        50    31  9173.7361
        50    32  8540.6034
        50    33  8693.1376
        50    34 18605.5245
        50    35 14879.9996
        50    36 14584.2780
        50    37 17465.8461
        50    38 15877.7986
        50    39 12703.8341
        50    40  8167.4081
       100     1  4156.4019
       100     2  7383.2819
       100     3  9384.6651
       100     4 11209.4515
       100     5 12310.9885
       100     6 11412.3987
       100     7 11549.1617
       100     8 12349.9315
       100     9 10564.9773
       100    10 12195.4414
       100    11 12043.5324
       100    12  8157.5321
       100    13  9501.6707
       100    14 10818.4777
       100    15 10610.9375
       100    16 10007.1743
       100    17  9351.4347
       100    18  9004.5222
       100    19  9244.9368
       100    20  8975.7329
       100    21  9199.0133
       100    22  7769.2646
       100    23  8803.1584
       100    24  8336.2553
       100    25  6109.7009
       100    26  6049.9731
       100    27  6047.9078
       100    28  8324.4143
       100    29  6603.4111
       100    30  8224.3255
       100    31  7652.6177
       100    32  6749.5207
       100    33  6476.8733
       100    34  6483.7463
       100    35  7161.4157
       100    36  6248.4795
       100    37  5966.5605
       100    38  6271.5677
       100    39  4759.1165
       100    40  5399.9742
       150     1   323.0153
       150     2   564.8000
       150     3   782.5738
       150     4   944.8767
       150     5  1149.2187
       150     6  1288.9497
       150     7  1516.9109
       150     8  1673.7359
       150     9  1818.1248
       150    10  1788.9531
       150    11  2015.2791
       150    12  2089.6602
       150    13  1943.0210
       150    14  2045.0312
       150    15  2038.1338
       150    16  2376.1953
       150    17  2391.8163
       150    18  2323.4918
       150    19  2492.1465
       150    20  2074.0307
       150    21  2613.9601
       150    22  2620.6661
       150    23  2329.1979
       150    24  2192.6364
       150    25  2291.6198
       150    26  2224.2612
       150    27  2315.6040
       150    28  2356.5230
       150    29  2416.9853
       150    30  2158.1652
       150    31  2101.6896
       150    32  1806.9844
       150    33  2220.4392
       150    34  2012.2438
       150    35  1644.2787
       150    36  2217.8884
       150    37  2024.3378
       150    38  2026.9725
       150    39  1597.6044
       150    40  2164.7746
       200     1   172.8226
       200     2   304.3580
       200     3   433.5583
       200     4   590.8535
       200     5   722.0399
       200     6   820.7393
       200     7   877.9621
       200     8   977.1682
       200     9   921.1702
       200    10   992.5381
       200    11  1344.4654
       200    12  1442.0946
       200    13  1120.2278
       200    14  1294.2599
       200    15  1384.1893
       200    16  1353.8481
       200    17  1498.0746
       200    18  1402.1279
       200    19  1304.6594
       200    20  1447.3546
       200    21  1372.9682
       200    22  1158.2744
       200    23  1641.8714
       200    24  1528.4977
       200    25  1547.4224
       200    26  1517.7294
       200    27  1499.2582
       200    28  1451.4801
       200    29  1566.2347
       200    30  1568.0369
       200    31  1471.6138
       200    32  1402.1414
       200    33  1405.9621
       200    34  1957.9925
       200    35  1541.7198
       200    36  1542.3691
       200    37  1589.2447
       200    38  1452.0527
       200    39  1169.4009
       200    40  1464.7627
       250     1   105.1479
       250     2   180.3366
       250     3   256.1483
       250     4   328.5286
       250     5   316.1470
       250     6   386.9327
       250     7   751.3317
       250     8   796.0681
       250     9   546.0683
       250    10   605.0551
       250    11   648.3889
       250    12   796.1125
       250    13   856.8678
       250    14   780.2720
       250    15   848.0960
       250    16   830.0436
       250    17   879.1401
       250    18  1022.6469
       250    19  1368.3642
       250    20  1363.7742
       250    21   973.5074
       250    22  1029.2671
       250    23  1162.8099
       250    24  1123.2040
       250    25  1099.0260
       250    26   979.0253
       250    27  1119.4405
       250    28  1091.8517
       250    29  1231.4159
       250    30  1181.5418
       250    31  1103.0288
       250    32  1134.9608
       250    33  1002.2795
       250    34  1153.8566
       250    35  1104.9087
       250    36   984.9596
       250    37  1096.4602
       250    38   799.6457
       250    39  1105.2307
       250    40  1076.1830
       300     1    61.7245
       300     2   117.9044
       300     3   167.9591
       300     4   219.5021
       300     5   219.4138
       300     6   276.3326
       300     7   304.4407
       300     8   349.8335
       300     9   513.7223
       300    10   434.7284
       300    11   463.6622
       300    12   487.9739
       300    13   527.0283
       300    14   563.0990
       300    15   553.0612
       300    16   595.9322
       300    17   620.9517
       300    18   603.3250
       300    19   615.5661
       300    20   632.2680
       300    21   612.4701
       300    22   699.0190
       300    23   631.0114
       300    24   754.2270
       300    25   761.2098
       300    26   791.9813
       300    27   649.8806
       300    28   720.8572
       300    29   698.5428
       300    30   710.1010
       300    31   711.7041
       300    32   858.5793
       300    33   924.5896
       300    34   870.8910
       300    35   900.2902
       300    36   913.7522
       300    37   901.5319
       300    38   946.6793
       300    39   960.2800
       300    40   914.6538
       350     1    62.0369
       350     2   122.2719
       350     3   180.9907
       350     4   238.2583
       350     5   285.4072
       350     6   347.5979
       350     7   404.6635
       350     8   422.6602
       350     9   505.2500
       350    10   535.2654
       350    11   528.6734
       350    12   554.0412
       350    13   636.5825
       350    14   653.0795
       350    15   737.0857
       350    16   713.3835
       350    17   708.4362
       350    18   729.7523
       350    19   680.5231
       350    20   705.3233
       350    21   788.0636
       350    22   804.3551
       350    23   799.8793
       350    24   809.6005
       350    25   823.8569
       350    26   757.5580
       350    27   784.3607
       350    28   825.1755
       350    29   796.0434
       350    30   837.8588
       350    31   802.0593
       350    32   791.1483
       350    33   809.0688
       350    34   830.2167
       350    35   840.9877
       350    36   797.5682
       350    37   784.3849
       350    38   791.2844
       350    39   817.6463
       350    40   790.4861
       400     1    48.1809
       400     2    93.6579
       400     3   138.8585
       400     4   184.2259
       400     5   228.3525
       400     6   271.1823
       400     7   311.8694
       400     8   355.0890
       400     9   378.3942
       400    10   413.4473
       400    11   437.6872
       400    12   479.8097
       400    13   518.2906
       400    14   521.5777
       400    15   549.5218
       400    16   514.2955
       400    17   591.5542
       400    18   551.6325
       400    19   620.9707
       400    20   625.8712
       400    21   623.3665
       400    22   664.9501
       400    23   668.4676
       400    24   659.8268
       400    25   711.7213
       400    26   673.5218
       400    27   617.9924
       400    28   657.1633
       400    29   680.3495
       400    30   728.6167
       400    31   723.0955
       400    32   633.7744
       400    33   652.5959
       400    34   651.3264
       400    35   628.0622
       400    36   712.3014
       400    37   665.4029
       400    38   669.8030
       400    39   649.7874
       400    40   666.5962
       450     1    37.8350
       450     2    75.4885
       450     3   109.3268
       450     4   144.9214
       450     5   180.7475
       450     6   215.6001
       450     7   238.9566
       450     8   256.8493
       450     9   312.7444
       450    10   302.4130
       450    11   364.9251
       450    12   375.7563
       450    13   336.3234
       450    14   417.9452
       450    15   412.7965
       450    16   442.2404
       450    17   459.9253
       450    18   499.6107
       450    19   466.4501
       450    20   512.1437
       450    21   516.6471
       450    22   477.9111
       450    23   496.0842
       450    24   561.7383
       450    25   576.0325
       450    26   513.5608
       450    27   530.1497
       450    28   522.9869
       450    29   518.5570
       450    30   520.3221
       450    31   491.2930
       450    32   522.2615
       450    33   543.3770
       450    34   544.7207
       450    35   542.1185
       450    36   525.8826
       450    37   524.2010
       450    38   490.6447
       450    39   507.8468
       450    40   492.9419
       500     1    30.5363
       500     2    59.9466
       500     3    89.3521
       500     4   115.5155
       500     5   146.9358
       500     6   171.3128
       500     7   202.1462
       500     8   220.2550
       500     9   240.2008
       500    10   264.4887
       500    11   296.0162
       500    12   317.1650
       500    13   339.8365
       500    14   354.4828
       500    15   375.4797
       500    16   353.6888
       500    17   376.4020
       500    18   383.8963
       500    19   416.5319
       500    20   404.5529
       500    21   418.7169
       500    22   425.6165
       500    23   437.7357
       500    24   421.5982
       500    25   425.1005
       500    26   416.9072
       500    27   427.2073
       500    28   423.1859
       500    29   402.9206
       500    30   403.5374
       500    31   401.2562
       500    32   434.3712
       500    33   429.1335
       500    34   439.8469
       500    35   381.5437
       500    36   423.6937
       500    37   406.4986
       500    38   391.0314
       500    39   424.9407
       500    40   399.5579
       550     1    25.4046
       550     2    47.5801
       550     3    70.6212
       550     4    96.9999
       550     5   121.2500
       550     6   144.0891
       550     7   163.6608
       550     8   188.3457
       550     9   204.5748
       550    10   223.0105
       550    11   235.7281
       550    12   255.5298
       550    13   284.4180
       550    14   294.0514
       550    15   300.7761
       550    16   317.6522
       550    17   329.0009
       550    18   344.9874
       550    19   342.1148
       550    20   342.5198
       550    21   368.6558
       550    22   371.2884
       550    23   339.0461
       550    24   337.8486
       550    25   340.3068
       550    26   345.2960
       550    27   384.9635
       550    28   423.3380
       550    29   410.3121
       550    30   405.2144
       550    31   383.4828
       550    32   401.0118
       550    33   415.9540
       550    34   395.6138
       550    35   412.9138
       550    36   377.0072
       550    37   393.4371
       550    38   393.7229
       550    39   389.3138
       550    40   401.5846
       600     1    21.0942
       600     2    40.6135
       600     3    62.3922
       600     4    81.9041
       600     5   101.6630
       600     6   120.5120
       600     7   138.4911
       600     8   158.7971
       600     9   176.0318
       600    10   192.4438
       600    11   208.8648
       600    12   225.9978
       600    13   241.6102
       600    14   260.3348
       600    15   250.3800
       600    16   283.1221
       600    17   289.5023
       600    18   293.7856
       600    19   269.0286
       600    20   302.8278
       600    21   278.9649
       600    22   323.7420
       600    23   306.9692
       600    24   316.2470
       600    25   358.3133
       600    26   354.9483
       600    27   352.9585
       600    28   365.1661
       600    29   368.5468
       600    30   363.7363
       600    31   386.9067
       600    32   355.8626
       600    33   372.5172
       600    34   370.6473
       600    35   400.3857
       600    36   372.3608
       600    37   357.0268
       600    38   353.8522
       600    39   353.4864
       600    40   359.7306
       650     1    17.9413
       650     2    35.7517
       650     3    53.0141
       650     4    69.6575
       650     5    86.7049
       650     6   103.8321
       650     7   118.2293
       650     8   136.5136
       650     9   139.5787
       650    10   160.8726
       650    11   178.5717
       650    12   172.8243
       650    13   205.9726
       650    14   218.9155
       650    15   230.9612
       650    16   236.7424
       650    17   238.2104
       650    18   249.2193
       650    19   280.8255
       650    20   274.6877
       650    21   276.8176
       650    22   287.4293
       650    23   305.4742
       650    24   309.0962
       650    25   286.9032
       650    26   317.0686
       650    27   308.2496
       650    28   326.3023
       650    29   336.4275
       650    30   285.5960
       650    31   299.0970
       650    32   328.3994
       650    33   349.6421
       650    34   322.9353
       650    35   369.7198
       650    36   341.4103
       650    37   337.2448
       650    38   354.6215
       650    39   326.3372
       650    40   340.0060
       700     1    15.5735
       700     2    30.5954
       700     3    45.0335
       700     4    59.2400
       700     5    74.4813
       700     6    87.3982
       700     7    97.2035
       700     8   113.2247
       700     9   129.4700
       700    10   140.9060
       700    11   151.7179
       700    12   159.7113
       700    13   173.6337
       700    14   183.3568
       700    15   192.5460
       700    16   200.0087
       700    17   204.7064
       700    18   215.0189
       700    19   231.4670
       700    20   230.5697
       700    21   228.6228
       700    22   201.3769
       700    23   227.0737
       700    24   243.9412
       700    25   208.2900
       700    26   200.8067
       700    27   252.7756
       700    28   227.9807
       700    29   195.6684
       700    30   208.7849
       700    31   208.2739
       700    32   204.4117
       700    33   283.4583
       700    34   296.4783
       700    35   270.9804
       700    36   279.9983
       700    37   290.3174
       700    38   324.8524
       700    39   274.0737
       700    40   278.2302
       750     1    13.4160
       750     2    26.5431
       750     3    39.9312
       750     4    52.9944
       750     5    64.8810
       750     6    78.3534
       750     7    90.3222
       750     8   101.7295
       750     9   114.0137
       750    10   126.6943
       750    11   137.4726
       750    12   147.5067
       750    13   159.1674
       750    14   168.5693
       750    15   179.8621
       750    16   189.4370
       750    17   197.4655
       750    18   208.7077
       750    19   214.9282
       750    20   222.5211
       750    21   228.3264
       750    22   236.2067
       750    23   244.6362
       750    24   250.9849
       750    25   225.0189
       750    26   200.2608
       750    27   194.9830
       750    28   224.1234
       750    29   233.5246
       750    30   205.8448
       750    31   213.7279
       750    32   209.7184
       750    33   189.9428
       750    34   214.1236
       750    35   211.4435
       750    36   236.6045
       750    37   207.2673
       750    38   215.7904
       750    39   226.6500
       750    40   208.5991
       800     1    10.5220
       800     2    21.4482
       800     3    28.6506
       800     4    41.1501
       800     5    51.8579
       800     6    58.3793
       800     7    69.7766
       800     8    80.8113
       800     9    75.7769
       800    10    95.8749
       800    11    97.1839
       800    12   113.3692
       800    13   130.1308
       800    14   136.5686
       800    15   142.1399
       800    16   118.0256
       800    17   152.1799
       800    18   161.0337
       800    19   168.5083
       800    20   179.2004
       800    21   161.0754
       800    22   133.5984
       800    23   186.8426
       800    24   127.3869
       800    25   172.9467
       800    26   157.3292
       800    27   164.1213
       800    28   190.6568
       800    29   186.2333
       800    30   180.2675
       800    31   192.4156
       800    32   183.2691
       800    33   193.2233
       800    34   190.9051
       800    35   177.0267
       800    36   195.3431
       800    37   214.0074
       800    38   194.1550
       800    39   223.2705
       800    40   224.7774
       850     1    10.3611
       850     2    18.9996
       850     3    26.1537
       850     4    40.2604
       850     5    51.0277
       850     6    54.6454
       850     7    58.5614
       850     8    69.5572
       850     9    67.3084
       850    10    84.6729
       850    11    84.3798
       850    12    99.0261
       850    13   103.7464
       850    14   116.1290
       850    15   124.5717
       850    16   129.0333
       850    17   117.0926
       850    18   138.0295
       850    19   152.6938
       850    20   149.3789
       850    21   163.7647
       850    22   170.0119
       850    23   161.5024
       850    24   146.2621
       850    25   190.3882
       850    26   159.7446
       850    27   154.9085
       850    28   158.3071
       850    29   154.0859
       850    30   163.7903
       850    31   161.5220
       850    32   164.4975
       850    33   138.9227
       850    34   180.0391
       850    35   159.1655
       850    36   165.2733
       850    37   200.1253
       850    38   194.9788
       850    39   166.2621
       850    40   206.0405
       900     1     9.0708
       900     2    18.6833
       900     3    27.6303
       900     4    36.2887
       900     5    44.3871
       900     6    52.1484
       900     7    61.1599
       900     8    65.0067
       900     9    78.5500
       900    10    78.7908
       900    11    77.6732
       900    12    95.0550
       900    13    97.5399
       900    14    86.1187
       900    15   119.6454
       900    16   125.5468
       900    17   113.7853
       900    18   119.2295
       900    19   111.6537
       900    20   143.8524
       900    21   127.4384
       900    22   130.3425
       900    23   129.2410
       900    24   121.9594
       900    25   129.1693
       900    26   144.3113
       900    27   139.4979
       900    28   131.1217
       900    29   142.2729
       900    30   149.2957
       900    31   127.8803
       900    32   150.6245
       900    33   158.2149
       900    34   128.9884
       900    35   162.6821
       900    36   143.4133
       900    37   156.1739
       900    38   180.2901
       900    39   163.4976
       900    40   162.5197
       950     1     8.1773
       950     2    16.0424
       950     3    24.0035
       950     4    29.4448
       950     5    40.8351
       950     6    48.0248
       950     7    57.4292
       950     8    64.9881
       950     9    73.2454
       950    10    80.8605
       950    11    78.8233
       950    12    86.5563
       950    13    93.0023
       950    14    95.3353
       950    15    82.3038
       950    16   108.5070
       950    17   119.3613
       950    18   125.3936
       950    19   101.6980
       950    20   128.0755
       950    21   133.0624
       950    22   139.4202
       950    23   121.1772
       950    24    86.5825
       950    25   136.8472
       950    26   133.9638
       950    27   132.1603
       950    28   134.2350
       950    29   133.1427
       950    30   140.3710
       950    31   140.5540
       950    32   145.0701
       950    33   138.5304
       950    34   151.9151
       950    35   149.9162
       950    36   142.3116
       950    37   161.1371
       950    38   155.5966
       950    39   144.2462
       950    40   154.7947
      1000     1     7.4613
      1000     2    13.9300
      1000     3    21.2003
      1000     4    26.2737
      1000     5    35.8483
      1000     6    42.8195
      1000     7    36.2943
      1000     8    45.0736
      1000     9    60.8657
      1000    10    67.2720
      1000    11    66.9509
      1000    12    85.4272
      1000    13    90.9464
      1000    14    96.9416
      1000    15   103.4983
      1000    16   111.1135
      1000    17   118.6559
      1000    18   119.5355
      1000    19   128.9930
      1000    20   132.3300
      1000    21   128.9235
      1000    22   138.7374
      1000    23   141.8523
      1000    24   148.4482
      1000    25   159.8068
      1000    26   157.9240
      1000    27   146.9909
      1000    28   154.2413
      1000    29   157.9371
      1000    30   155.9366
      1000    31   139.0509
      1000    32   125.5004
      1000    33   129.4170
      1000    34   128.7639
      1000    35   132.6844
      1000    36   116.5488
      1000    37   135.6370
      1000    38   144.3603
      1000    39   135.6437
      1000    40   127.1395
