        50     1  2963.0268
        50     2  5373.2595
        50     3  6840.9938
        50     4  8691.6258
        50     5 10935.1079
        50     6 10863.4401
        50     7 12810.7075
        50     8 12091.4469
        50     9 10443.2758
        50    10 16082.7213
        50    11  9903.4156
        50    12 11384.4153
        50    13  4517.9392
        50    14  8954.6167
        50    15 10831.9256
        50    16 16000.4762
        50    17  4065.6229
        50    18  6195.7082
        50    19  6427.7745
        50    20  7652.2808
       100     1   675.0278
       100     2  1449.4029
       100     3  2104.9410
       100     4  2758.6422
       100     5  3406.3186
       100     6  3420.5830
       100     7  4050.8363
       100     8  4031.0022
       100     9  4290.6705
       100    10  5631.3926
       100    11  5669.9127
       100    12  4764.0229
       100    13  2964.6069
       100    14  4567.9860
       100    15  3592.3482
       100    16  5537.9576
       100    17  2800.8177
       100    18  3706.3922
       100    19  4989.1836
       100    20  7384.5802
       150     1   331.5232
       150     2   639.0734
       150     3   922.7334
       150     4  1147.3508
       150     5  1449.1979
       150     6  1701.5279
       150     7  1505.9985
       150     8  1731.5603
       150     9  1834.3468
       150    10  1854.1860
       150    11  1903.8082
       150    12  1803.2070
       150    13  2073.1885
       150    14  1848.1990
       150    15  2758.0766
       150    16  2360.2025
       150    17  1656.3265
       150    18  2267.8655
       150    19  1517.5626
       150    20  2018.2248
       200     1   187.2608
       200     2   357.4468
       200     3   522.4340
       200     4   672.0312
       200     5   709.5238
       200     6   807.5422
       200     7   730.4633
       200     8  1275.7288
       200     9  1150.2712
       200    10  1544.0777
       200    11  1585.8249
       200    12   994.8970
       200    13  1487.3364
       200    14  1564.8333
       200    15  1587.5406
       200    16  1458.1320
       200    17  1208.4113
       200    18  1871.9404
       200    19  1316.5003
       200    20  1790.6196
       250     1   119.6476
       250     2   232.8416
       250     3   349.4294
       250     4   453.2512
       250     5   551.3452
       250     6   561.2113
       250     7   556.2352
       250     8   583.3487
       250     9   809.6274
       250    10   882.5815
       250    11   872.8720
       250    12   834.5132
       250    13  1107.5552
       250    14   838.0221
       250    15   719.9439
       250    16   892.9660
       250    17   717.3769
       250    18   786.1140
       250    19  1233.6249
       250    20  1024.0147
       300     1    75.8240
       300     2   158.9159
       300     3   247.0687
       300     4   322.3981
       300     5   360.3185
       300     6   469.0493
       300     7   486.8107
       300     8   515.6488
       300     9   518.8011
       300    10   636.1101
       300    11   577.0012
       300    12   636.8824
       300    13   869.7375
       300    14   763.9829
       300    15   899.4941
       300    16   661.7245
       300    17   610.3366
       300    18   665.7136
       300    19   619.7603
       300    20  1025.0835
       350     1    61.1495
       350     2   114.0228
       350     3   175.8290
       350     4   206.5577
       350     5   263.5523
       350     6   312.0925
       350     7   372.9254
       350     8   374.8320
       350     9   414.3288
       350    10   404.2101
       350    11   497.1090
       350    12   615.4688
       350    13   486.9803
       350    14   506.8564
       350    15   628.7693
       350    16   477.2808
       350    17   538.8365
       350    18   614.7808
       350    19   607.0067
       350    20   521.2445
       400     1    45.8366
       400     2    88.3585
       400     3   136.9794
       400     4   180.7810
       400     5   216.0530
       400     6   228.5412
       400     7   294.7956
       400     8   308.7989
       400     9   333.0349
       400    10   360.5771
       400    11   363.1792
       400    12   439.0649
       400    13   380.4157
       400    14   416.5098
       400    15   359.5620
       400    16   549.7008
       400    17   480.7875
       400    18   500.6771
       400    19   627.3421
       400    20   704.0288
       450     1    33.5048
       450     2    61.4221
       450     3   100.7854
       450     4   132.5271
       450     5   165.6335
       450     6   195.4210
       450     7   227.0983
       450     8   252.3862
       450     9   288.7888
       450    10   320.3448
       450    11   283.3143
       450    12   359.7793
       450    13   383.2605
       450    14   469.4897
       450    15   520.5420
       450    16   528.8111
       450    17   454.0455
       450    18   555.9745
       450    19   418.8633
       450    20   488.5794
       500     1    30.3720
       500     2    58.4097
       500     3    84.9647
       500     4   116.3719
       500     5   132.0073
       500     6   148.0991
       500     7   174.4508
       500     8   167.7498
       500     9   219.0063
       500    10   261.3738
       500    11   246.0292
       500    12   244.7420
       500    13   246.4506
       500    14   266.5757
       500    15   290.8632
       500    16   349.6817
       500    17   330.9310
       500    18   282.2447
       500    19   342.6420
       500    20   381.7294
       550     1    23.2893
       550     2    45.8562
       550     3    58.1623
       550     4    90.4895
       550     5   105.0592
       550     6   113.1124
       550     7   145.1997
       550     8   152.9173
       550     9   163.4247
       550    10   209.3771
       550    11   232.2241
       550    12   202.8180
       550    13   218.5481
       550    14   220.0317
       550    15   227.8053
       550    16   235.5511
       550    17   268.1641
       550    18   261.2029
       550    19   224.9690
       550    20   259.2089
       600     1    18.6741
       600     2    38.4230
       600     3    52.2202
       600     4    76.4204
       600     5    83.3015
       600     6   113.0533
       600     7   121.0286
       600     8   143.7239
       600     9   130.2420
       600    10   174.0272
       600    11   173.3064
       600    12   191.6514
       600    13   174.3117
       600    14   164.9869
       600    15   239.4471
       600    16   214.5080
       600    17   234.9347
       600    18   232.9030
       600    19   195.7279
       600    20   216.2890
       650     1    15.4637
       650     2    30.4667
       650     3    48.7909
       650     4    58.5469
       650     5    74.8557
       650     6    83.9044
       650     7   104.5813
       650     8   118.6488
       650     9   110.3184
       650    10   148.1051
       650    11   149.4523
       650    12   170.8822
       650    13   162.7355
       650    14   183.0001
       650    15   177.5381
       650    16   175.5114
       650    17   202.0669
       650    18   213.7434
       650    19   190.6181
       650    20   189.7641
       700     1    13.1393
       700     2    27.0467
       700     3    38.8642
       700     4    54.4917
       700     5    58.7274
       700     6    78.3766
       700     7    84.8297
       700     8    97.7041
       700     9   103.7451
       700    10   127.1379
       700    11   121.5498
       700    12   128.8372
       700    13   132.8799
       700    14   149.6278
       700    15   145.3967
       700    16   157.0508
       700    17   175.9962
       700    18   160.2770
       700    19   162.2335
       700    20   199.7617
       750     1    12.8962
       750     2    25.1666
       750     3    37.3553
       750     4    52.2270
       750     5    66.4921
       750     6    79.7234
       750     7    92.3551
       750     8   100.4699
       750     9   114.9093
       750    10   130.9890
       750    11   141.0987
       750    12   144.8753
       750    13   149.3411
       750    14   153.5192
       750    15   172.8077
       750    16   149.2519
       750    17   188.0968
       750    18   156.2807
       750    19   152.8192
       750    20   147.6651
       800     1    11.3461
       800     2    22.5713
       800     3    33.2898
       800     4    45.2496
       800     5    53.8744
       800     6    66.0341
       800     7    70.1445
       800     8    81.4624
       800     9    82.9990
       800    10    84.2165
       800    11    86.7598
       800    12    87.3237
       800    13   112.0629
       800    14   118.3429
       800    15   110.9046
       800    16   127.0832
       800    17   141.0705
       800    18   144.2657
       800    19   145.5437
       800    20   131.3717
       850     1     9.7377
       850     2    18.5834
       850     3    29.1317
       850     4    37.6989
       850     5    49.1287
       850     6    53.5232
       850     7    63.9134
       850     8    65.8441
       850     9    68.8414
       850    10    93.4279
       850    11    97.8257
       850    12    86.7955
       850    13   102.7679
       850    14    82.6805
       850    15   102.9422
       850    16   123.0008
       850    17   105.6476
       850    18   142.9392
       850    19   122.0413
       850    20   129.3193
       900     1     9.2191
       900     2    17.3739
       900     3    23.4749
       900     4    34.2684
       900     5    41.5322
       900     6    53.6134
       900     7    60.0242
       900     8    67.1346
       900     9    73.1953
       900    10    74.6232
       900    11    74.4822
       900    12    83.0108
       900    13    93.6231
       900    14    99.0136
       900    15   101.6179
       900    16    97.8812
       900    17    81.3765
       900    18   123.2043
       900    19   106.0025
       900    20   119.1327
       950     1     8.0936
       950     2    15.2851
       950     3    23.8514
       950     4    31.4959
       950     5    38.1331
       950     6    44.9021
       950     7    53.1592
       950     8    56.5679
       950     9    64.1975
       950    10    76.9021
       950    11    71.9532
       950    12    75.8238
       950    13    85.7958
       950    14    74.4968
       950    15    87.4398
       950    16    98.2550
       950    17    90.7351
       950    18    89.1922
       950    19   102.3400
       950    20    90.2458
      1000     1     6.3552
      1000     2    12.3989
      1000     3    20.6631
      1000     4    26.7033
      1000     5    31.3791
      1000     6    38.2504
      1000     7    43.9734
      1000     8    50.5751
      1000     9    58.8138
      1000    10    64.4656
      1000    11    61.8163
      1000    12    75.0947
      1000    13    63.1468
      1000    14    65.6771
      1000    15    69.5098
      1000    16    81.2766
      1000    17    81.8870
      1000    18    88.6927
      1000    19    55.1257
      1000    20    96.4244
        50     1  2659.3786
        50     2  5147.4671
        50     3  7148.7893
        50     4  8199.8268
        50     5 11072.8193
        50     6 10785.2091
        50     7 12716.1354
        50     8 12653.1621
        50     9  8096.7716
        50    10 14910.6252
        50    11 10055.9018
        50    12 12616.5168
        50    13  7131.1367
        50    14  8368.6938
        50    15  8956.5521
        50    16 13535.9812
        50    17  5516.5490
        50    18  4721.4809
        50    19  5450.6177
        50    20  7538.3404
       100     1   749.3305
       100     2  1381.6839
       100     3  2068.3746
       100     4  2742.8026
       100     5  3304.6692
       100     6  2642.8826
       100     7  3390.5105
       100     8  3997.0613
       100     9  5012.0831
       100    10  4342.5453
       100    11  4998.5617
       100    12  4737.1493
       100    13  3243.3553
       100    14  5189.4244
       100    15  3604.3489
       100    16  5103.1674
       100    17  2768.8183
       100    18  3407.6294
       100    19  4602.9286
       100    20  4883.5093
       150     1   330.5603
       150     2   627.4374
       150     3   932.9763
       150     4  1161.3454
       150     5  1309.0112
       150     6  1672.0981
       150     7  1317.2409
       150     8  1415.5907
       150     9  1702.4323
       150    10  2308.8950
       150    11  1824.9679
       150    12  1801.5463
       150    13  1741.1662
       150    14  1747.8812
       150    15  2635.5987
       150    16  2269.5011
       150    17  1536.0555
       150    18  2276.4122
       150    19  1496.5550
       150    20  1918.9981
       200     1   185.3402
       200     2   345.7177
       200     3   515.4009
       200     4   669.3568
       200     5   811.9980
       200     6   701.9921
       200     7   917.4863
       200     8  1229.7049
       200     9  1241.3384
       200    10  1469.0553
       200    11  1534.6056
       200    12  1016.1167
       200    13  1176.6354
       200    14  1593.5788
       200    15  1545.0164
       200    16  1381.1160
       200    17  1175.2477
       200    18  1972.6699
       200    19  1304.2526
       200    20  1959.5218
       250     1   115.7928
       250     2   209.7206
       250     3   337.1114
       250     4   441.4225
       250     5   551.3783
       250     6   557.5575
       250     7   615.4954
       250     8   780.1275
       250     9   712.6484
       250    10   975.4897
       250    11   834.4228
       250    12   812.6581
       250    13  1101.2960
       250    14   712.1306
       250    15   922.3287
       250    16   911.6427
       250    17   722.0423
       250    18   752.7294
       250    19  1300.1534
       250    20   977.5226
       300     1    81.0999
       300     2   151.7800
       300     3   223.8072
       300     4   282.3605
       300     5   331.7805
       300     6   403.1543
       300     7   493.0836
       300     8   527.0106
       300     9   475.5621
       300    10   534.4011
       300    11   615.3054
       300    12   827.1319
       300    13   720.5815
       300    14   745.9570
       300    15   902.3796
       300    16   439.8241
       300    17   573.6585
       300    18   663.6545
       300    19   580.9489
       300    20   921.6606
       350     1    59.1701
       350     2   112.2920
       350     3   154.4995
       350     4   222.7699
       350     5   268.3278
       350     6   313.1771
       350     7   402.9850
       350     8   357.9769
       350     9   356.0516
       350    10   391.4653
       350    11   450.3250
       350    12   468.4671
       350    13   333.0238
       350    14   572.2847
       350    15   604.3398
       350    16   479.5867
       350    17   547.4192
       350    18   616.6318
       350    19   639.6746
       350    20   603.4183
       400     1    46.6683
       400     2    89.4813
       400     3   134.0073
       400     4   180.2098
       400     5   220.0381
       400     6   233.4595
       400     7   279.9069
       400     8   331.3827
       400     9   309.4889
       400    10   375.3319
       400    11   393.9859
       400    12   413.0042
       400    13   372.1521
       400    14   422.2598
       400    15   430.5777
       400    16   507.9482
       400    17   437.8385
       400    18   515.7159
       400    19   546.8533
       400    20   565.2097
       450     1    36.9751
       450     2    67.8850
       450     3    96.5524
       450     4   132.4201
       450     5   170.5223
       450     6   187.5836
       450     7   222.3774
       450     8   256.4866
       450     9   306.1049
       450    10   312.0376
       450    11   278.8726
       450    12   320.7761
       450    13   333.3453
       450    14   409.4580
       450    15   404.0643
       450    16   420.8032
       450    17   379.3939
       450    18   424.8033
       450    19   348.5418
       450    20   379.8338
       500     1    29.8811
       500     2    54.4620
       500     3    87.1148
       500     4   112.3649
       500     5   138.7301
       500     6   164.7557
       500     7   188.7506
       500     8   214.4876
       500     9   226.6636
       500    10   246.7343
       500    11   255.7060
       500    12   246.8160
       500    13   236.4850
       500    14   207.6487
       500    15   312.5588
       500    16   335.8248
       500    17   326.3992
       500    18   276.4270
       500    19   360.5462
       500    20   375.9983
       550     1    24.4767
       550     2    46.7437
       550     3    66.5219
       550     4    90.2554
       550     5   118.0549
       550     6   127.4485
       550     7   153.3296
       550     8   161.5973
       550     9   204.9311
       550    10   207.9725
       550    11   208.7037
       550    12   208.1597
       550    13   256.1754
       550    14   272.4346
       550    15   243.7026
       550    16   273.1570
       550    17   285.8703
       550    18   261.7865
       550    19   222.5788
       550    20   259.1592
       600     1    20.7625
       600     2    38.0010
       600     3    61.1502
       600     4    80.2661
       600     5    94.0890
       600     6   106.5611
       600     7   123.9247
       600     8   145.3596
       600     9   161.7419
       600    10   180.9626
       600    11   182.7118
       600    12   214.7636
       600    13   201.9980
       600    14   200.2979
       600    15   252.6343
       600    16   229.3863
       600    17   156.3700
       600    18   256.9222
       600    19   214.0651
       600    20   269.7805
       650     1    17.3659
       650     2    34.8963
       650     3    51.2598
       650     4    66.9328
       650     5    83.6489
       650     6    95.7926
       650     7   107.8770
       650     8   117.8565
       650     9   147.8193
       650    10   165.1470
       650    11   155.8467
       650    12   178.2130
       650    13   188.0613
       650    14   190.0680
       650    15   200.9384
       650    16   178.7131
       650    17   206.0430
       650    18   243.2540
       650    19   238.4841
       650    20   210.9205
       700     1    15.0039
       700     2    28.4978
       700     3    44.2819
       700     4    55.0826
       700     5    67.1173
       700     6    82.4504
       700     7    99.2919
       700     8   108.8335
       700     9   102.8920
       700    10   112.6625
       700    11   127.5866
       700    12   122.5409
       700    13   136.7105
       700    14   158.4710
       700    15   154.2654
       700    16   126.0434
       700    17   181.9850
       700    18   152.0172
       700    19   146.9201
       700    20   193.3508
       750     1    12.6592
       750     2    25.3419
       750     3    38.2499
       750     4    47.0946
       750     5    61.4684
       750     6    66.3694
       750     7    85.3020
       750     8    91.4690
       750     9   101.4714
       750    10   121.7171
       750    11   115.2683
       750    12   114.0261
       750    13   119.6141
       750    14   140.0159
       750    15   172.8581
       750    16   129.3127
       750    17   173.8962
       750    18   147.9597
       750    19   161.4477
       750    20   148.9090
       800     1    11.5438
       800     2    15.2619
       800     3    31.6299
       800     4    43.4952
       800     5    57.3913
       800     6    66.5511
       800     7    66.1384
       800     8    63.3837
       800     9    86.8872
       800    10    89.0209
       800    11   105.4321
       800    12   106.0222
       800    13    96.0707
       800    14   112.6619
       800    15   138.4563
       800    16   142.6919
       800    17   150.3987
       800    18   135.8666
       800    19   146.9724
       800    20   149.4581
       850     1    10.1386
       850     2    19.1081
       850     3    30.2735
       850     4    38.9848
       850     5    50.5256
       850     6    56.5866
       850     7    67.9546
       850     8    75.9563
       850     9    82.3177
       850    10    91.3722
       850    11   101.3495
       850    12    91.9055
       850    13   103.2029
       850    14   102.9424
       850    15   106.8344
       850    16   123.4019
       850    17   123.6436
       850    18   127.3690
       850    19   115.0302
       850    20   130.3133
       900     1     8.5825
       900     2    16.3744
       900     3    25.0884
       900     4    32.1675
       900     5    41.3207
       900     6    51.8975
       900     7    50.7741
       900     8    63.8530
       900     9    69.2860
       900    10    76.4768
       900    11    81.7647
       900    12    89.5958
       900    13    92.2560
       900    14   101.2634
       900    15    94.1315
       900    16    99.3066
       900    17    96.1687
       900    18   107.8562
       900    19   117.7041
       900    20   124.7407
       950     1     8.3254
       950     2    15.1738
       950     3    23.9086
       950     4    31.2915
       950     5    38.4068
       950     6    45.1704
       950     7    52.8447
       950     8    61.0798
       950     9    61.8276
       950    10    70.7900
       950    11    77.0718
       950    12    81.2012
       950    13    87.6654
       950    14    79.3110
       950    15    78.4860
       950    16    90.1981
       950    17    64.6323
       950    18    88.3184
       950    19    70.2214
       950    20    75.1360
      1000     1     7.4423
      1000     2    14.4793
      1000     3    21.9565
      1000     4    29.7868
      1000     5    34.7385
      1000     6    40.5734
      1000     7    46.7441
      1000     8    50.3848
      1000     9    56.2763
      1000    10    68.8700
      1000    11    62.7478
      1000    12    74.8133
      1000    13    69.7996
      1000    14    75.1724
      1000    15    77.8592
      1000    16    89.4012
      1000    17    82.5487
      1000    18    87.6379
      1000    19    82.7194
      1000    20    65.8404
        50    21  6557.8656
        50    22  9511.0733
        50    23 10973.6408
        50    24 13342.0452
        50    25 14894.3886
        50    26  3644.0510
        50    27  4205.6564
        50    28  3469.7699
        50    29  4666.8644
        50    30  4342.1767
        50    31  4838.6540
        50    32  4087.8637
        50    33  4328.5686
        50    34  4514.6593
        50    35  4594.5265
        50    36  5573.1098
        50    37  6092.8287
        50    38  5180.9660
        50    39  6190.9487
        50    40  6520.2302
       100    21  2703.8458
       100    22  3469.9958
       100    23  3510.7029
       100    24  4824.2453
       100    25  7785.4850
       100    26  1984.6060
       100    27  2303.4688
        50    21  8448.2624
        50    22  9413.6327
        50    23 11424.6716
        50    24 13321.6073
        50    25 15299.3299
        50    26  3517.6100
        50    27  3943.0762
        50    28  3892.1993
        50    29  4150.7738
        50    30  4097.7911
        50    31  4937.6182
        50    32  4280.0080
        50    33  5149.1186
        50    34  4508.0645
        50    35  4530.1896
        50    36  5941.9964
        50    37  6066.8547
        50    38  6445.5998
        50    39  6689.3187
        50    40  6468.4615
       100    21  2783.7782
       100    22  3406.0987
       100    23  4339.5446
       100    24  4859.6714
       100    25  7387.8178
       100    26  2153.4372
       100    27  2174.2235
       100    28  2195.3858
       100    29  2880.1470
       100    30  3921.9470
       100    31  3243.1331
       100    32  6096.1050
       100    33  8566.8009
       100    34  1354.9513
       100    35  1481.2227
       100    36  1387.8080
       100    37  1714.3363
       100    38  1755.6538
       100    39  1786.8435
       100    40  2140.0346
       150    21  3035.0423
       150    22  1503.7980
       150    23  1563.0437
       150    24  2649.8604
       150    25  3638.7902
       150    26  1100.7812
       150    27  1727.6042
       150    28  2180.5820
       150    29  3106.2718
       150    30  3655.4531
       150    31  1209.8716
       150    32  1273.7177
       150    33  1551.7450
       150    34  1820.3169
       150    35  2151.9079
       150    36  3206.7672
       150    37  3821.4855
       150    38   782.0628
       150    39   786.5779
       150    40   966.0116
       200    21  1323.9042
       200    22  2278.4072
       200    23  1155.0345
       200    24  1663.9106
       200    25  2128.4619
       200    26  1035.2371
       200    27  1535.3070
       200    28  1747.1540
       200    29   736.8452
       200    30  1112.9481
       200    31  1332.8610
       200    32  1491.5724
       200    33  2724.3714
       200    34   727.4232
       200    35   758.4044
       200    36   828.9399
       200    37   991.8760
       200    38  1308.6475
       200    39  1913.3085
       200    40  2960.4485
       250    21   778.7351
       250    22  1206.1885
       250    23   771.1039
       250    24  1038.0374
       250    25  1594.9582
       250    26   884.7275
       250    27  1379.9471
       250    28   615.8418
       250    29   747.4193
       250    30   886.2237
       250    31  1792.7268
       250    32   594.0610
       250    33   731.8469
       250    34   868.0264
       250    35  1336.6962
       250    36   455.6492
       250    37   581.3579
       250    38   558.8151
       250    39   735.1076
       250    40   992.7836
       300    21   900.5017
       300    22   629.2417
       300    23   994.9557
       300    24   765.1198
       300    25  1040.8945
       300    26   706.5060
       300    27   943.9501
       300    28   604.3964
       300    29   737.8518
       300    30  1094.4504
       300    31   508.9210
       300    32   788.3290
       300    33  1135.1711
       300    34   424.7819
       300    35   549.0598
       300    36   609.9339
       300    37  1029.2150
       300    38   393.9099
       300    39   456.0702
       300    40   566.2579
       350    21   495.4052
       350    22   421.6381
       350    23   782.3040
       350    24   552.8536
       350    25   853.8121
       350    26   621.4949
       350    27   373.8587
       350    28   601.4886
       350    29   835.5462
       350    30   441.0912
       350    31   670.7000
       350    32   350.8074
       350    33   369.5423
       350    34   605.5383
       350    35   899.2954
       350    36   495.3310
       350    37   547.6344
       350    38   717.7695
       350    39   306.1960
       350    40   346.6416
       400    21   641.7978
       400    22   595.4483
       400    23   558.3083
       400    24   396.8102
       400    25   659.8141
       400    26   528.0229
       400    27   372.0832
       400    28   577.6980
       400    29   328.7551
       400    30   481.6949
       400    31   313.0491
       400    32   382.8309
       400    33   686.4370
       400    34   310.1448
       400    35   475.2461
       400    36   750.3633
       400    37   273.3962
       400    38   385.7290
       400    39   560.9404
       400    40   848.6865
       450    21   378.5609
       450    22   406.9623
       450    23   378.7635
       450    24   339.8803
       450    25   554.3000
       450    26   442.7735
       450    27   340.0096
       450    28   530.6187
       450    29   342.1805
       450    30   533.0592
       450    31   354.4987
       450    32   553.2095
       450    33   281.8675
       450    34   524.3521
       450    35   257.6182
       450    36   336.8621
       450    37   571.2718
       450    38   226.1421
       450    39   329.1911
       450    40   485.7199
       500    21   266.1029
       500    22   302.3506
       500    23   293.9216
       500    24   278.3225
       500    25   414.7916
       500    26   396.4712
       500    27   349.3172
       500    28   249.5792
       500    29   392.7802
       500    30   295.8355
       500    31   429.8646
       500    32   286.2502
       500    33   401.8378
       500    34   265.2215
       500    35   378.0929
       500    36   212.8064
       500    37   289.9609
       500    38   440.1908
       500    39   223.1530
       500    40   307.5881
       550    21   308.1141
       550    22   337.5287
       550    23   219.4768
       550    24   190.5595
       550    25   332.5895
       550    26   335.1960
       550    27   321.9828
       550    28   241.1358
       550    29   198.1853
       550    30   295.3380
       550    31   181.0065
       550    32   348.1031
       550    33   227.6249
       550    34   317.1204
       550    35   202.1893
       550    36   344.4643
       550    37   167.4923
       550    38   283.4486
       550    39   382.9508
       550    40   187.2836
       600    21   240.0170
       600    22   299.3249
       600    23   287.1736
       600    24   290.7384
       600    25   304.4720
       600    26   317.4371
       600    27   314.0266
       600    28   237.2750
       600    29   218.3174
       600    30   311.9395
       600    31   269.3592
       600    32   221.1446
       600    33   279.4224
       600    34   212.3936
       600    35   311.3638
       600    36   212.4070
       600    37   346.3561
       600    38   180.6288
       600    39   248.0681
       600    40   382.7629
       650    21   185.1521
       650    22   213.7611
       650    23   263.4849
       650    24   284.3449
       650    25   266.5485
       650    26   255.4122
       650    27   245.6272
       650    28   255.4870
       650    29   227.2481
       650    30   190.1883
       650    31   168.8535
       650    32   241.3937
       650    33   168.0705
       650    34   244.2716
       650    35   207.5522
       650    36   291.7302
       650    37   181.1797
       650    38   295.0221
       650    39   164.4605
       650    40   240.4098
       700    21   186.7940
       700    22   157.2709
       700    23   199.2750
       700    24   228.1372
       700    25   237.2264
       700    26   155.2169
       700    27   153.4073
       700    28   238.3432
       700    29   215.9147
       700    30   205.2860
       700    31   189.9378
       700    32   139.9361
       700    33   227.2094
       700    34   186.5397
       700    35   256.5303
       700    36   231.2036
       700    37   123.3828
       700    38   186.4264
       700    39   121.4779
       700    40   193.9218
       750    21   159.7819
       750    22   179.5331
       750    23   166.9512
       750    24   199.9071
       750    25   201.4600
       750    26   142.0483
       750    27   147.6025
       750    28   148.5647
       750    29   140.7834
       750    30   187.6869
       750    31   194.4966
       750    32   164.7970
       750    33   149.5046
       750    34   216.5524
       750    35   181.3751
       750    36   126.8079
       750    37   223.5265
       750    38   142.1612
       750    39   198.5449
       750    40   123.6500
       800    21   169.8712
       800    22   157.8708
       800    23   137.4227
       800    24   162.0084
       800    25   186.1441
       800    26    96.1984
       800    27   100.7126
       800    28   103.1733
       800    29   106.8559
       800    30   102.2272
       800    31    92.6325
       800    32   159.8019
       800    33   147.3931
       800    34    88.9783
       800    35    80.4166
       800    36   150.1123
       800    37    80.3489
       800    38   126.8312
       800    39   111.5704
       800    40   107.6368
       850    21    98.5335
       850    22   119.7986
       850    23    83.9389
       850    24    98.2026
       850    25   117.3741
       850    26    96.1442
       850    27   101.0196
       850    28   107.5943
       850    29   112.8542
       850    30   117.8007
       850    31   131.8415
       850    32    97.2414
       850    33   167.7088
       850    34   154.5134
       850    35    84.8636
       850    36    45.3398
       850    37   118.0521
       850    38   111.1173
       850    39   120.1905
       850    40   133.1169
       900    21    73.3068
       900    22    86.2110
       900    23    87.0829
       900    24    78.4599
       900    25   105.8503
       900    26    86.6809
       900    27    99.0980
       900    28   114.0219
       900    29   116.9529
       900    30   123.2714
       900    31   125.6327
       900    32   123.2728
       900    33   106.4925
       900    34    88.7342
       900    35   131.8611
       900    36    83.9674
       900    37    62.3822
       900    38    85.5015
       900    39    60.1283
       900    40   159.7262
       950    21    72.2150
       950    22    76.3291
       950    23    79.1707
       950    24    67.1370
       950    25    90.0080
       950    26    69.4147
       950    27    87.8639
       950    28    61.4196
       950    29    63.9792
       950    30    72.6676
       950    31    66.1819
       950    32    65.3037
       950    33    62.0745
       950    34    57.7366
       950    35   102.0251
       950    36    69.4681
       950    37    67.7975
       950    38    73.8063
       950    39    86.0706
       950    40   121.4348
      1000    21    55.9004
      1000    22    60.9914
      1000    23    59.7434
      1000    24    58.2967
      1000    25    77.3903
      1000    26    81.6542
      1000    27    89.1800
      1000    28    70.4183
      1000    29    78.7815
      1000    30    91.2331
      1000    31    92.8761
      1000    32   115.5948
      1000    33    92.2012
      1000    34    87.2134
      1000    35    80.5772
      1000    36    68.7167
      1000    37   131.3390
      1000    38    71.3298
      1000    39    43.3210
      1000    40   139.5900
        50     1  2253.3134
        50     2  4345.9092
        50     3  5468.5412
        50     4  6897.2844
        50     5  8421.7925
        50     6  8881.7838
        50     7 10221.5216
        50     8  7791.9671
        50     9  6939.6943
        50    10 11478.2426
        50    11  8368.8694
        50    12  9896.3886
        50    13  5845.4654
        50    14  6476.2346
        50    15  9121.4148
        50    16 12439.5492
        50    17  3967.7388
        50    18  4102.4264
        50    19  5586.7617
        50    20  6234.6119
        50    21  6097.3453
        50    22  7615.7379
        50    23  9658.5434
        50    24 12524.0237
        50    25 15671.2412
        50    26  2746.6895
        50    27  2788.1456
        50    28  3372.5539
        50    29  3124.2517
        50    30  2940.7148
        50    31  5329.0894
        50    32  3098.0845
        50    33  3720.4040
        50    34  3875.1979
        50    35  4010.5392
        50    36  4292.3526
        50    37  4192.4720
        50    38  4529.2017
        50    39  5270.0740
        50    40  5496.2467
       100     1   722.1865
       100     2  1402.1863
       100     3  1770.4780
       100     4  2340.6174
       100     5  3038.2991
       100     6  2808.5327
       100     7  3499.6246
       100     8  3100.9131
       100     9  3516.6153
       100    10  4209.1784
       100    11  3776.2004
       100    12  4583.6666
       100    13  3262.8239
       100    14  4961.4292
       100    15  3863.4079
       100    16  4719.2779
       100    17  2197.0849
       100    18  2894.2934
       100    19  4639.2554
       100    20  6238.2848
       100    21  2096.2110
       100    22  2733.0668
       100    23  3647.7838
       100    24  5179.2189
       100    25  8047.7376
       100    26  1759.8391
       100    27  1736.5431
       100    28  2101.9346
       100    29  2160.8402
       100    30  3484.4665
       100    31  4595.9576
       100    32  4694.1551
       100    33  7676.5630
       100    34  1563.9356
       100    35  1755.3328
       100    36  1312.5546
       100    37  2011.1255
       100    38  1445.7184
       100    39  1545.6963
       100    40  1591.3641
       150     1   296.7515
       150     2   564.5233
       150     3   814.2920
       150     4   935.7040
       150     5   942.3385
       150     6  1475.7868
       150     7  1543.9546
       150     8  1521.2247
       150     9  1644.1771
       150    10  1993.4052
       150    11  1729.2504
       150    12  1881.1244
       150    13  1769.4303
       150    14  1703.4399
       150    15  2473.6509
       150    16  1722.1630
       150    17  1193.8817
       150    18  1767.4814
       150    19  1176.3610
       150    20  1941.9472
       150    21  2378.3856
       150    22  1145.0447
       150    23  1450.5343
       150    24  2458.1095
       150    25  3463.4727
       150    26  1025.5214
       150    27  1264.5568
       150    28  1643.6355
       150    29  2522.9657
       150    30  3917.1506
       150    31   833.6206
       150    32   928.4721
       150    33  1124.4717
       150    34  2079.4745
       150    35  1646.9763
       150    36  2368.0117
       150    37  3488.8852
       150    38   847.5345
       150    39   666.6135
       150    40   751.1006
       200     1   171.1009
       200     2   295.3583
       200     3   487.6092
       200     4   601.8706
       200     5   726.3172
       200     6   873.9607
       200     7   832.9489
       200     8  1060.5528
       200     9  1254.5362
       200    10  1241.0978
       200    11  1399.6084
       200    12  1190.7950
       200    13  1203.4746
       200    14  1103.3640
       200    15  1415.3476
       200    16  1268.2208
       200    17   806.0507
       200    18  1549.1626
       200    19  1266.1696
       200    20  1707.8186
       200    21  1315.5790
       200    22  1717.6972
       200    23   920.1181
       200    24  1204.3281
       200    25  2047.9127
       200    26   797.6547
       200    27  1253.9181
       200    28  1870.6571
       200    29   770.1981
       200    30   976.7759
       200    31  1129.1774
       200    32  1433.3512
       200    33  2284.2154
       200    34   639.6696
       200    35   681.4375
       200    36   819.1550
       200    37  1307.0070
       200    38   830.9403
       200    39  1912.1157
       200    40  2692.3584
       250     1    95.8321
       250     2   179.7190
       250     3   237.6778
       250     4   289.5453
       250     5   310.2082
       250     6   526.7803
       250     7   703.1013
       250     8   505.0244
       250     9   549.9152
       250    10   845.7119
       250    11   527.1949
       250    12   618.8445
       250    13   746.0405
       250    14   600.1472
       250    15   692.0478
       250    16   594.4975
       250    17   640.9422
       250    18   761.2212
       250    19  1398.1074
       250    20   930.1135
       250    21   590.8163
       250    22   771.8660
       250    23   509.2007
       250    24   837.5205
       250    25  1243.5135
       250    26   582.6922
       250    27  1110.0169
       250    28   531.9047
       250    29   658.2669
       250    30   816.4874
       250    31  1359.8561
       250    32   398.0774
       250    33   977.2506
       250    34   730.1941
       250    35   885.2612
       250    36   367.6523
       250    37   777.3116
       250    38   531.7852
       250    39   572.2146
       250    40   802.5469
       300     1    60.2578
       300     2   116.5805
       300     3   137.8176
       300     4   231.7698
       300     5   218.1741
       300     6   284.7479
       300     7   302.5579
       300     8   543.0669
       300     9   372.4873
       300    10   432.4194
       300    11   449.1600
       300    12   505.1382
       300    13   530.7275
       300    14   730.9212
       300    15   601.1364
       300    16   445.2108
       300    17   492.9695
       300    18   475.9419
       300    19   635.2761
       300    20   772.4618
       300    21   623.8724
       300    22   660.3099
       300    23   821.3066
       300    24   545.8661
       300    25   881.3272
       300    26   471.3246
       300    27   871.7368
       300    28   404.7193
       300    29   608.1607
       300    30  1054.9932
       300    31   457.4745
       300    32   648.4701
       300    33  1147.1114
       300    34   399.1837
       300    35   443.1548
       300    36   702.6343
       300    37  1375.7895
       300    38   349.3395
       300    39   366.3435
       300    40   455.9155
       350     1    62.6044
       350     2   122.2759
       350     3   177.4299
       350     4   236.8050
       350     5   273.9375
       350     6   350.2228
       350     7   411.4707
       350     8   420.1084
       350     9   444.1089
       350    10   534.1260
       350    11   503.2613
       350    12   588.1125
       350    13   505.5001
       350    14   629.0363
       350    15   638.2566
       350    16   506.7095
       350    17   573.4442
       350    18   635.6438
       350    19   551.2456
       350    20   619.7329
       350    21   578.3955
       350    22   436.1547
       350    23   668.8516
       350    24   540.3665
       350    25   803.3130
       350    26   587.0994
       350    27   345.6080
       350    28   545.3876
       350    29   803.1041
       350    30   447.9553
       350    31   639.0640
       350    32   336.7728
       350    33   425.7475
       350    34   629.1872
       350    35  1061.3800
       350    36   344.4265
       350    37   470.3579
       350    38   789.9981
       350    39   279.3327
       350    40   315.8192
       400     1    47.7940
       400     2    94.0632
       400     3   140.0337
       400     4   176.8822
       400     5   229.8320
       400     6   265.6772
       400     7   316.0796
       400     8   364.5438
       400     9   374.6132
       400    10   448.0567
       400    11   440.2465
       400    12   471.0843
       400    13   451.0424
       400    14   449.9845
       400    15   427.3162
       400    16   579.9182
       400    17   451.7419
       400    18   532.3855
       400    19   590.5679
       400    20   712.2505
       400    21   678.8345
       400    22   606.6744
       400    23   508.8217
       400    24   418.0407
       400    25   653.0166
       400    26   457.8256
       400    27   373.9300
       400    28   534.8055
       400    29   412.6679
       400    30   496.2964
       400    31   364.4513
       400    32   456.7839
       400    33   758.5704
       400    34   306.0713
       400    35   430.9258
       400    36   797.4183
       400    37   266.2781
       400    38   360.4902
       400    39   570.5737
       400    40   926.3416
       450     1    38.4857
       450     2    74.5879
       450     3   110.5536
       450     4   145.7463
       450     5   179.6390
       450     6   220.5782
       450     7   246.1648
       450     8   269.1198
       450     9   322.2801
       450    10   346.6575
       450    11   322.8220
       450    12   342.6918
       450    13   353.4375
       450    14   397.1807
       450    15   498.9387
       450    16   489.4135
       450    17   398.3409
       450    18   558.7291
       450    19   346.1570
       450    20   402.1310
       450    21   488.2084
       450    22   403.3704
       450    23   377.8018
       450    24   326.5392
       450    25   704.2579
       450    26   558.6777
       450    27   434.7721
       450    28   471.2086
       450    29   438.9560
       450    30   645.7094
       450    31   427.9005
       450    32   560.6904
       450    33   448.7448
       450    34   527.1007
       450    35   285.6634
       450    36   352.7807
       450    37   618.0808
       450    38   222.1206
       450    39   291.6025
       450    40   400.1520
       500     1    30.7621
       500     2    60.5220
       500     3    89.6534
       500     4   119.9065
       500     5   148.5871
       500     6   172.7796
       500     7   201.4878
       500     8   218.2943
       500     9   245.8684
       500    10   276.3533
       500    11   280.8242
       500    12   299.4566
       500    13   323.2035
       500    14   325.8077
       500    15   330.0721
       500    16   414.0611
       500    17   353.2155
       500    18   296.2474
       500    19   371.5076
       500    20   497.5538
       500    21   307.6306
       500    22   363.8573
       500    23   348.3451
       500    24   340.0745
       500    25   590.8814
       500    26   324.9091
       500    27   305.5459
       500    28   311.9798
       500    29   404.1858
       500    30   274.9127
       500    31   470.2648
       500    32   318.0087
       500    33   429.9575
       500    34   236.6404
       500    35   366.0603
       500    36   173.3061
       500    37   314.7618
       500    38   404.7714
       500    39   196.9700
       500    40   376.9044
       550     1    24.9922
       550     2    49.7499
       550     3    73.7837
       550     4    93.8679
       550     5   122.1492
       550     6   141.4744
       550     7   155.7689
       550     8   169.9297
       550     9   214.3201
       550    10   234.1665
       550    11   247.2882
       550    12   233.7801
       550    13   251.1380
       550    14   259.8844
       550    15   285.8239
       550    16   292.3964
       550    17   294.2376
       550    18   269.3446
       550    19   233.9930
       550    20   286.2280
       550    21   308.1344
       550    22   352.5465
       550    23   259.8441
       550    24   235.7299
       550    25   360.2060
       550    26   362.6849
       550    27   355.3816
       550    28   243.6706
       550    29   233.5758
       550    30   309.3941
       550    31   261.5154
       550    32   385.8204
       550    33   272.0897
       550    34   400.9541
       550    35   226.3636
       550    36   335.2161
       550    37   201.6219
       550    38   221.0252
       550    39   381.0786
       550    40   183.1984
       600     1    21.1316
       600     2    41.9210
       600     3    62.5443
       600     4    83.1833
       600     5   101.3932
       600     6   116.2235
       600     7   137.5225
       600     8   159.5764
       600     9   170.3672
       600    10   194.6062
       600    11   199.3304
       600    12   216.7791
       600    13   245.2255
       600    14   217.7550
       600    15   265.6828
       600    16   268.4346
       600    17   264.9027
       600    18   302.5426
       600    19   238.0259
       600    20   332.7401
       600    21   298.8617
       600    22   287.9749
       600    23   280.3887
       600    24   292.8991
       600    25   270.2660
       600    26   329.5992
       600    27   353.9880
       600    28   234.8461
       600    29   220.1256
       600    30   377.4955
       600    31   252.1326
       600    32   180.2665
       600    33   322.1462
       600    34   188.2314
       600    35   318.1348
       600    36   204.9377
       600    37   343.3377
       600    38   232.9697
       600    39   274.0717
       600    40   404.3797
       650     1    18.1763
       650     2    35.9949
       650     3    53.2476
       650     4    69.6046
       650     5    88.2619
       650     6   103.6491
       650     7   116.8722
       650     8   136.1912
       650     9   154.1502
       650    10   168.4261
       650    11   176.0444
       650    12   185.6081
       650    13   208.1738
       650    14   201.7694
       650    15   229.0844
       650    16   196.8785
       650    17   232.9878
       650    18   257.9433
       650    19   257.5183
       650    20   220.1836
       650    21   170.9604
       650    22   205.6960
       650    23   283.0025
       650    24   268.0642
       650    25   255.4652
       650    26   233.5229
       650    27   239.5609
       650    28   231.0800
       650    29   261.3590
       650    30   168.2521
       650    31   203.1236
       650    32   207.8638
       650    33   192.6272
       650    34   352.1038
       650    35   213.4809
       650    36   346.9366
       650    37   199.4245
       650    38   340.4410
       650    39   153.1725
       650    40   322.3671
       700     1    15.4999
       700     2    30.3455
       700     3    45.3805
       700     4    60.9729
       700     5    74.4219
       700     6    82.6417
       700     7   105.3018
       700     8   115.0980
       700     9   113.0591
       700    10   141.8796
       700    11   137.8965
       700    12   158.9319
       700    13   145.2441
       700    14   169.7146
       700    15   153.6576
       700    16   170.2090
       700    17   192.9845
       700    18   160.2348
       700    19   168.2980
       700    20   237.3081
       700    21   209.3991
       700    22   163.6809
       700    23   187.3632
       700    24   197.1891
       700    25   202.1199
       700    26   149.5763
       700    27   147.1360
       700    28   182.1717
       700    29   190.2858
       700    30   181.8785
       700    31   168.7265
       700    32   140.0222
       700    33   215.1948
       700    34   160.8171
       700    35   295.5582
       700    36   196.6333
       700    37   121.3524
       700    38   170.9850
       700    39   113.8914
       700    40   150.6428
       750     1    13.5607
       750     2    26.6366
       750     3    40.3105
       750     4    53.0697
       750     5    66.8086
       750     6    78.8446
       750     7    92.4629
       750     8   100.5910
       750     9   112.9646
       750    10   130.9605
       750    11   139.4477
       750    12   143.2377
       750    13   145.5824
       750    14   160.6875
       750    15   174.9849
       750    16   162.8165
       750    17   205.4987
       750    18   159.2197
       750    19   190.9080
       750    20   183.5862
       750    21   193.1773
       750    22   223.3587
       750    23   196.7358
       750    24   174.3977
       750    25   204.3828
       750    26   140.6854
       750    27   138.3173
       750    28   132.8802
       750    29   141.1855
       750    30   194.3999
       750    31   180.1356
       750    32   164.2740
       750    33   157.3507
       750    34   200.5136
       750    35   151.3838
       750    36   137.2418
       750    37   197.4851
       750    38   125.6378
       750    39   192.8408
       750    40   123.2214
       800     1    10.4417
       800     2    20.4860
       800     3    31.5515
       800     4    41.4912
       800     5    50.9239
       800     6    60.8660
       800     7    53.6948
       800     8    76.5999
       800     9    85.3104
       800    10    85.5657
       800    11    96.6188
       800    12   111.8601
       800    13   111.0631
       800    14   137.3015
       800    15   126.9205
       800    16   133.5826
       800    17   134.0253
       800    18   140.2097
       800    19   136.7551
       800    20   145.2450
       800    21   155.6221
       800    22   156.7771
       800    23   127.6561
       800    24   141.6850
       800    25   137.1801
       800    26   127.7711
       800    27   141.4341
       800    28   144.1792
       800    29   141.0591
       800    30   138.7543
       800    31   113.4557
       800    32   167.4098
       800    33   175.3301
       800    34   107.2990
       800    35   110.8583
       800    36   182.0634
       800    37   129.1178
       800    38   187.2934
       800    39   127.9957
       800    40   205.7164
       850     1     9.4106
       850     2    18.8789
       850     3    28.0558
       850     4    41.1122
       850     5    46.4257
       850     6    52.8469
       850     7    61.2939
       850     8    65.6241
       850     9    68.7684
       850    10    84.6290
       850    11    89.4365
       850    12    88.8038
       850    13    96.7758
       850    14   109.5606
       850    15   106.4895
       850    16   109.2011
       850    17   130.3224
       850    18   134.0985
       850    19   118.3525
       850    20   126.0043
       850    21   120.7092
       850    22   103.8194
       850    23   105.8494
       850    24   136.8471
       850    25   158.9679
       850    26   120.2171
       850    27   127.6395
       850    28   138.1142
       850    29   164.7343
       850    30   143.1136
       850    31   142.2588
       850    32   128.7546
       850    33   103.5402
       850    34   173.8265
       850    35   141.2625
       850    36   109.3996
       850    37    92.1186
       850    38   136.9296
       850    39    73.6020
       850    40   161.7664
       900     1     9.5187
       900     2    18.7723
       900     3    27.7248
       900     4    34.6696
       900     5    44.3452
       900     6    53.3881
       900     7    60.1636
       900     8    67.7684
       900     9    71.5623
       900    10    81.4007
       900    11    77.6499
       900    12    82.8911
       900    13   102.8520
       900    14   101.6300
       900    15   121.0878
       900    16   119.6100
       900    17    83.9935
       900    18   108.6230
       900    19   110.8256
       900    20   121.5372
       900    21   113.1879
       900    22    87.1001
       900    23   139.2569
       900    24   100.8865
       900    25   132.3480
       900    26   112.6377
       900    27   134.6204
       900    28   129.3455
       900    29   131.5320
       900    30   130.4526
       900    31   136.5273
       900    32   150.0071
       900    33   137.0092
       900    34   123.7300
       900    35   103.5787
       900    36   149.2493
       900    37   134.1482
       900    38   101.5212
       900    39   147.7805
       900    40   117.8386
       950     1     8.1603
       950     2    16.2392
       950     3    23.4883
       950     4    33.2794
       950     5    40.6795
       950     6    49.5688
       950     7    53.8833
       950     8    63.1889
       950     9    70.5054
       950    10    73.6082
       950    11    68.4730
       950    12    85.3212
       950    13    91.8905
       950    14    78.5260
       950    15    97.5146
       950    16    99.1452
       950    17    92.4144
       950    18    91.9877
       950    19   124.6803
       950    20   106.4310
       950    21   118.7347
       950    22    78.7652
       950    23   113.3927
       950    24   108.5787
       950    25   132.6864
       950    26   110.9052
       950    27   119.4961
       950    28    91.5850
       950    29    99.5402
       950    30   104.6426
       950    31   106.1439
       950    32    93.8163
       950    33    97.9747
       950    34    80.3223
       950    35   133.1011
       950    36   131.8782
       950    37    92.5976
       950    38   150.2396
       950    39   116.5985
       950    40    86.9867
      1000     1     6.7326
      1000     2    12.9950
      1000     3    22.5087
      1000     4    29.0522
      1000     5    31.5110
      1000     6    41.0436
      1000     7    48.9275
      1000     8    51.4774
      1000     9    60.9534
      1000    10    61.9532
      1000    11    73.4491
      1000    12    84.6886
      1000    13    83.1805
      1000    14    95.4506
      1000    15    97.1865
      1000    16   100.9419
      1000    17    96.9750
      1000    18   113.8361
      1000    19   109.8700
      1000    20   140.9972
      1000    21   114.8464
      1000    22   123.0410
      1000    23   123.8905
      1000    24   124.8412
      1000    25   152.1711
      1000    26   118.1155
      1000    27   165.7109
      1000    28   113.5018
      1000    29   130.3684
      1000    30   149.1338
      1000    31   114.9451
      1000    32   104.9349
      1000    33   108.0677
      1000    34   114.5595
      1000    35    91.3163
      1000    36    80.2410
      1000    37   136.4617
      1000    38   127.9923
      1000    39    90.6686
      1000    40   150.7650
