      1000     1  2534.9241
      2000     1  1402.6064
      3000     1   975.3994
      4000     1   753.9945
      5000     1   605.9118
      6000     1   510.0541
      7000     1   439.4392
      8000     1   386.2081
      9000     1   342.4033
     10000     1   309.9773
     11000     1   280.1601
     12000     1   257.0452
     13000     1   238.3111
     14000     1   221.6858
     15000     1   207.2911
     16000     1   194.8984
     17000     1   183.6886
     18000     1   173.6964
     19000     1   164.4287
     20000     1   156.3113
       100     1  8695.8400
       200     1  7448.8906
       300     1  7320.9789
       400     1  5458.2863
       500     1  4689.2104
       600     1  4544.6963
       700     1  3797.6468
       800     1  3559.8384
       900     1  2935.0520
      1000     1  2574.3509
      1100     1  2356.1368
      1200     1  2209.6866
      1300     1  2207.4592
      1400     1  2026.3850
      1500     1  1894.2630
      1600     1  1875.4718
      1700     1  1743.6814
      1800     1  1685.3333
      1900     1  1557.4392
      2000     1  1419.2138
      2100     1  1331.4061
      2200     1  1284.8489
      2300     1  1227.2930
      2400     1  1219.8337
      2500     1  1177.4793
      2600     1  1168.3338
      2700     1  1113.7426
      2800     1  1054.8223
      2900     1  1035.6204
      3000     1   982.3310
      3100     1   942.5945
      3200     1   914.2722
      3300     1   886.0759
      3400     1   887.1841
      3500     1   860.3960
      3600     1   857.3789
      3700     1   823.8086
      3800     1   798.6668
      3900     1   775.6255
      4000     1   746.6917
      4100     1   723.2871
      4200     1   697.3608
      4300     1   686.4275
      4400     1   688.2765
      4500     1   671.2131
      4600     1   652.2435
      4700     1   653.2793
      4800     1   631.4842
      4900     1   624.0704
      5000     1   600.4485
      5100     1   583.9627
      5200     1   573.5781
      5300     1   563.4917
      5400     1   563.0769
      5500     1   552.1540
      5600     1   538.7979
      5700     1   539.0197
      5800     1   526.8277
      5900     1   523.0307
      6000     1   509.3163
      6100     1   494.2936
      6200     1   486.6361
      6300     1   477.7422
      6400     1   477.7455
      6500     1   467.7535
      6600     1   461.5530
      6700     1   461.4921
      6800     1   451.8635
      6900     1   443.0462
      7000     1   438.3283
      7100     1   428.5310
      7200     1   421.6578
      7300     1   415.4856
      7400     1   409.3126
      7500     1   408.0058
      7600     1   402.5863
      7700     1   402.9721
      7800     1   396.5019
      7900     1   388.9470
      8000     1   386.5613
      8100     1   377.2687
      8200     1   372.9568
      8300     1   365.7984
      8400     1   361.4606
      8500     1   365.3704
      8600     1   361.9012
      8700     1   355.2632
      8800     1   356.6700
      8900     1   349.3576
      9000     1   347.2498
      9100     1   339.0593
      9200     1   332.7473
      9300     1   329.7742
      9400     1   325.8267
      9500     1   325.2982
      9600     1   321.9676
      9700     1   317.7296
      9800     1   317.1353
      9900     1   313.2020
     10000     1   309.2424
     10100     1   303.8352
     10200     1   298.6386
     10300     1   295.3726
     10400     1   293.0753
     10500     1   293.0584
     10600     1   289.4994
     10700     1   286.6344
     10800     1   286.3850
     10900     1   282.3666
     11000     1   279.6044
     11100     1   277.7256
     11200     1   272.7249
     11300     1   270.2768
     11400     1   268.0705
     11500     1   264.9319
     11600     1   264.6053
     11700     1   262.7445
     11800     1   262.8130
     11900     1   259.5765
     12000     1   256.4273
     12100     1   254.9913
     12200     1   251.1512
     12300     1   248.7011
     12400     1   246.1969
     12500     1   244.0751
     12600     1   244.2613
     12700     1   241.9010
     12800     1   242.8000
     12900     1   239.7763
     13000     1   236.9037
     13100     1   236.0668
     13200     1   232.2531
     13300     1   229.7087
     13400     1   228.7543
     13500     1   226.4678
     13600     1   226.5062
     13700     1   224.5032
     13800     1   223.1080
     13900     1   223.1197
     14000     1   220.9870
     14100     1   219.5677
     14200     1   217.8612
     14300     1   214.9547
     14400     1   213.6209
     14500     1   211.2819
     14600     1   211.7727
     14700     1   210.1879
     14800     1   208.2282
     14900     1   208.3468
     15000     1   206.2956
     15100     1   204.3276
     15200     1   203.5658
     15300     1   200.9563
     15400     1   200.2375
     15500     1   198.3821
     15600     1   196.7929
     15700     1   197.0537
     15800     1   195.3937
     15900     1   195.4040
     16000     1   193.8008
     16100     1   191.7660
     16200     1   190.9016
     16300     1   188.4079
     16400     1   187.6605
     16500     1   185.9765
     16600     1   184.9890
     16700     1   184.5971
     16800     1   183.5614
     16900     1   183.6430
     17000     1   182.4170
     17100     1   180.5335
     17200     1   179.9570
     17300     1   177.9259
     17400     1   176.4590
     17500     1   175.7203
     17600     1   174.6591
     17700     1   174.6096
     17800     1   173.3521
     17900     1   172.1247
     18000     1   172.4699
     18100     1   170.8818
     18200     1   170.4750
     18300     1   169.1839
     18400     1   167.1945
     18500     1   166.5772
     18600     1   165.4968
     18700     1   165.5763
     18800     1   164.3569
     18900     1   162.8886
     19000     1   162.6808
     19100     1   162.0764
     19200     1   161.8962
     19300     1   160.4218
     19400     1   158.4200
     19500     1   157.3654
     19600     1   157.2038
     19700     1   155.9752
     19800     1   156.0511
     19900     1   155.0058
     20000     1   155.1110
