       100     1 18365.4043
       100     2 23650.9646
       100     3 18350.4279
       100     4 16315.4688
       100     5 12616.7879
       100     6 11522.8338
       100     7 10623.5372
       100     8 10397.9530
       100     9  8996.0943
       100    10  7942.3813
       100    11  7542.9689
       100    12  7192.6031
       100    13  6749.5568
       100    14  6274.3735
       100    15  5931.2318
       100    16  5456.4675
       100    17  5526.8794
       100    18  5083.3445
       100    19  4671.6414
       100    20  4107.5374
       100    21  3670.4424
       100    22  3301.0060
       100    23  3016.7422
       100    24  2867.1182
       100    25  2697.9719
       100    26  2503.8092
       100    27  2406.8022
       100    28  2288.1604
       100    29  2172.8061
       100    30  2110.4041
       100    31  1978.6506
       100    32  1926.8029
       100    33  1811.6451
       100    34  1748.2845
       100    35  1689.6651
       100    36  1644.8291
       100    37  1584.3569
       100    38  1464.2272
       100    39  1386.7862
       100    40  1362.7208
       200     1 11516.7352
       200     2 10709.5403
       200     3 12689.7979
       200     4 13569.8546
       200     5 11181.9187
       200     6 11120.5052
       200     7  8976.9124
       200     8  8274.5363
       200     9  8190.4219
       200    10  7325.8653
       200    11  6830.3192
       200    12  6430.8021
       200    13  6158.1391
       200    14  5918.9901
       200    15  5516.9805
       200    16  5113.9351
       200    17  4819.1837
       200    18  4633.6796
       200    19  4484.1226
       200    20  3840.6932
       200    21  3511.2684
       200    22  3141.3349
       200    23  2797.7459
       200    24  2748.5824
       200    25  2555.1891
       200    26  2408.6550
       200    27  2326.8228
       200    28  2225.8020
       200    29  2088.7788
       200    30  1987.2250
       200    31  1914.2814
       200    32  1846.5739
       200    33  1774.1674
       200    34  1530.6892
       200    35  1654.9434
       200    36  1476.2046
       200    37  1557.1984
       200    38  1393.5881
       200    39  1424.4963
       200    40  1400.3966
       300     1  7438.5004
       300     2  9260.1658
       300     3  7700.8580
       300     4  8864.7665
       300     5  5757.1605
       300     6  7485.5258
       300     7  7895.1581
       300     8  6821.7388
       300     9  6330.4020
       300    10  6046.3861
       300    11  5899.9003
       300    12  5975.5255
       300    13  5540.7526
       300    14  5373.6330
       300    15  5030.3513
       300    16  4860.5810
       300    17  4634.2464
       300    18  4345.8726
       300    19  4451.4402
       300    20  3682.6302
       300    21  3463.2581
       300    22  3173.1466
       300    23  2935.4700
       300    24  2725.3052
       300    25  2553.6542
       300    26  2409.6148
       300    27  2306.5243
       300    28  2212.3937
       300    29  2084.8851
       300    30  2010.0961
       300    31  1904.0018
       300    32  1851.5129
       300    33  1740.4099
       300    34  1658.4000
       300    35  1579.7941
       300    36  1561.2678
       300    37  1513.4766
       300    38  1454.2444
       300    39  1422.9505
       300    40  1356.7267
       400     1  3810.3167
       400     2  5713.8569
       400     3  6104.6047
       400     4  5659.2234
       400     5  4597.9969
       400     6  6211.1073
       400     7  6106.0383
       400     8  6440.8826
       400     9  5621.7757
       400    10  5567.3170
       400    11  5127.1582
       400    12  5141.7265
       400    13  5131.9990
       400    14  4649.3380
       400    15  4796.9762
       400    16  4397.6782
       400    17  4354.3786
       400    18  4251.2446
       400    19  4016.9909
       400    20  3668.2741
       400    21  3237.6964
       400    22  2998.0930
       400    23  2829.7555
       400    24  2518.0551
       400    25  2395.7478
       400    26  2289.3875
       400    27  2172.2773
       400    28  2051.5297
       400    29  1877.5352
       400    30  1879.9604
       400    31  1801.8581
       400    32  1713.4604
       400    33  1654.8150
       400    34  1620.7003
       400    35  1562.5594
       400    36  1504.0679
       400    37  1438.6071
       400    38  1418.7906
       400    39  1386.8574
       400    40  1337.3215
       500     1  3300.0179
       500     2  4825.0694
       500     3  5069.4795
       500     4  4380.0762
       500     5  3950.2180
       500     6  4680.2298
       500     7  4310.3033
       500     8  4410.8559
       500     9  4552.8291
       500    10  4156.4783
       500    11  4120.1202
       500    12  4279.1062
       500    13  4568.4451
       500    14  4182.9346
       500    15  4421.0411
       500    16  4098.3882
       500    17  3811.0286
       500    18  3919.8584
       500    19  3809.3344
       500    20  3267.3790
       500    21  3159.8142
       500    22  2826.4450
       500    23  2657.4640
       500    24  2423.9602
       500    25  2316.8288
       500    26  2205.1951
       500    27  2052.7691
       500    28  1941.3370
       500    29  1859.7818
       500    30  1736.6956
       500    31  1709.7614
       500    32  1574.1593
       500    33  1558.2130
       500    34  1453.5206
       500    35  1429.6133
       500    36  1323.6091
       500    37  1295.4309
       500    38  1256.4062
       500    39  1191.1294
       500    40  1189.5548
       600     1  2340.8659
       600     2  3799.2053
       600     3  4354.4558
       600     4  4254.9145
       600     5  4058.6172
       600     6  3608.7301
       600     7  3206.0296
       600     8  3738.4186
       600     9  3502.6281
       600    10  3138.7402
       600    11  3764.9679
       600    12  3462.4451
       600    13  3890.0958
       600    14  3055.9601
       600    15  3330.3931
       600    16  3822.9134
       600    17  3628.8105
       600    18  3495.1060
       600    19  3399.1539
       600    20  3117.8380
       600    21  3065.0558
       600    22  2823.7033
       600    23  2633.7544
       600    24  2362.5568
       600    25  2231.8051
       600    26  2148.4657
       600    27  2042.2404
       600    28  1927.8900
       600    29  1840.1080
       600    30  1728.5842
       600    31  1704.0942
       600    32  1622.9304
       600    33  1553.9450
       600    34  1465.2158
       600    35  1444.7520
       600    36  1366.0910
       600    37  1311.1217
       600    38  1281.0987
       600    39  1239.3687
       600    40  1188.3281
       700     1  1784.5327
       700     2  2942.7705
       700     3  3794.8146
       700     4  3681.0741
       700     5  3500.6982
       700     6  3385.9030
       700     7  2983.2862
       700     8  3090.0350
       700     9  2460.6748
       700    10  2927.1616
       700    11  3032.5214
       700    12  3061.2042
       700    13  3218.3495
       700    14  3074.0433
       700    15  2553.2915
       700    16  2960.6664
       700    17  3519.1830
       700    18  2896.5971
       700    19  2746.4233
       700    20  2757.0353
       700    21  2800.2037
       700    22  2489.6532
       700    23  2447.3835
       700    24  2307.2151
       700    25  2050.1246
       700    26  2025.9389
       700    27  1918.6188
       700    28  1838.4076
       700    29  1783.7952
       700    30  1709.0700
       700    31  1593.2039
       700    32  1494.7858
       700    33  1460.7274
       700    34  1421.8400
       700    35  1373.0998
       700    36  1300.7463
       700    37  1250.7342
       700    38  1288.2371
       700    39  1178.0899
       700    40  1178.3137
       800     1  1114.5648
       800     2  2291.7542
       800     3  3175.9586
       800     4  3383.9961
       800     5  3039.6324
       800     6  3365.1579
       800     7  2746.3944
       800     8  2689.5415
       800     9  2358.2977
       800    10  2541.9113
       800    11  2533.8356
       800    12  2596.1759
       800    13  2665.1766
       800    14  2771.6754
       800    15  2607.3002
       800    16  2603.5083
       800    17  2500.2046
       800    18  2746.5333
       800    19  2728.3295
       800    20  2535.6771
       800    21  2514.7917
       800    22  2417.6048
       800    23  2205.9747
       800    24  2138.1414
       800    25  2011.2387
       800    26  1898.8642
       800    27  1784.1541
       800    28  1751.0687
       800    29  1687.1357
       800    30  1577.3111
       800    31  1496.8506
       800    32  1449.8501
       800    33  1453.4559
       800    34  1375.9507
       800    35  1318.4082
       800    36  1281.6911
       800    37  1240.2177
       800    38  1223.2098
       800    39  1162.4097
       800    40  1107.3079
       900     1  1002.3762
       900     2  1822.9300
       900     3  2413.6285
       900     4  2998.6779
       900     5  3092.4199
       900     6  2729.1413
       900     7  2736.7080
       900     8  2606.6366
       900     9  2320.4735
       900    10  2122.4936
       900    11  2090.6869
       900    12  2039.7320
       900    13  2282.5494
       900    14  2226.5417
       900    15  2051.2525
       900    16  2411.7152
       900    17  2123.5267
       900    18  2290.3828
       900    19  2548.5027
       900    20  2029.4568
       900    21  2207.3052
       900    22  2031.6519
       900    23  2163.9159
       900    24  1970.5657
       900    25  1769.6571
       900    26  1779.4011
       900    27  1756.0195
       900    28  1725.8563
       900    29  1554.5235
       900    30  1533.2210
       900    31  1456.6017
       900    32  1447.2380
       900    33  1396.0346
       900    34  1345.4005
       900    35  1255.3878
       900    36  1199.3052
       900    37  1226.9922
       900    38  1143.1647
       900    39  1170.9108
       900    40  1105.3747
      1000     1   760.9688
      1000     2  1409.2663
      1000     3  1680.5067
      1000     4  2477.6109
      1000     5  2387.7557
      1000     6  2325.0155
      1000     7  2292.1735
      1000     8  2329.3601
      1000     9  2037.3306
      1000    10  2051.5069
      1000    11  1845.7598
      1000    12  1872.9333
      1000    13  1776.6615
      1000    14  1784.2194
      1000    15  1986.4584
      1000    16  1786.8793
      1000    17  1942.6568
      1000    18  2187.2893
      1000    19  1959.7616
      1000    20  1722.3861
      1000    21  1969.8983
      1000    22  1820.6276
      1000    23  1839.1704
      1000    24  1778.0003
      1000    25  1521.2181
      1000    26  1699.6542
      1000    27  1399.6975
      1000    28  1555.6701
      1000    29  1476.0601
      1000    30  1432.6551
      1000    31  1464.6021
      1000    32  1379.1919
      1000    33  1319.3613
      1000    34  1200.5043
      1000    35  1237.6598
      1000    36  1155.6002
      1000    37  1058.9643
      1000    38  1132.7947
      1000    39  1097.2786
      1000    40  1006.1340
        50     1 22601.0904
        50     2 23077.1818
        50     3 20387.4951
        50     4 16096.0412
        50     5 14889.3384
        50     6 12682.8307
        50     7 11184.3447
        50     8 10181.0614
        50     9  9541.8548
        50    10  8430.3065
        50    11  7975.2279
        50    12  7456.8775
        50    13  6942.9588
        50    14  6337.3110
        50    15  6213.7746
        50    16  5638.0608
        50    17  5299.0041
        50    18  5271.1663
        50    19  4989.0500
        50    20  4154.9421
        50    21  3645.4521
        50    22  3355.6014
        50    23  3085.7591
        50    24  2898.7108
        50    25  2696.1523
        50    26  2537.6265
        50    27  2417.4081
        50    28  2266.5336
        50    29  2150.7278
        50    30  2049.0209
        50    31  1968.2917
        50    32  1861.5155
        50    33  1779.5503
        50    34  1745.7945
        50    35  1651.0001
        50    36  1589.1609
        50    37  1538.3379
        50    38  1474.2859
        50    39  1425.0460
        50    40  1399.9163
       100     1 18594.8076
       100     2 24834.6345
       100     3 18253.9977
       100     4 16511.3652
       100     5 14886.3591
       100     6 11558.7679
       100     7 10331.1314
       100     8  9816.9930
       100     9  8769.8866
       100    10  8280.0044
       100    11  7670.0765
       100    12  7063.5920
       100    13  6706.3876
       100    14  6349.5059
       100    15  5926.9564
       100    16  5684.2342
       100    17  5253.8689
       100    18  5037.4181
       100    19  4813.5608
       100    20  4096.8056
       100    21  3666.4910
       100    22  3274.9609
       100    23  3028.3356
       100    24  2846.5582
       100    25  2705.2772
       100    26  2526.7629
       100    27  2396.5170
       100    28  2249.4952
       100    29  2159.3754
       100    30  2044.8701
       100    31  1945.8347
       100    32  1888.2080
       100    33  1798.1667
       100    34  1755.4379
       100    35  1641.8901
       100    36  1585.1318
       100    37  1555.7932
       100    38  1484.7903
       100    39  1436.0555
       100    40  1403.9336
       150     1 15774.6171
       150     2 20421.8680
       150     3 16451.1372
       150     4 14238.7322
       150     5 11639.5861
       150     6 11307.4298
       150     7  9403.7872
       150     8  9465.1511
       150     9  8428.3308
       150    10  7721.6538
       150    11  7030.0252
       150    12  7069.5607
       150    13  6567.3202
       150    14  5949.8580
       150    15  6055.4110
       150    16  5394.6798
       150    17  5077.7975
       150    18  4844.1705
       150    19  4534.6537
       150    20  3922.2304
       150    21  3557.9166
       150    22  3231.6257
       150    23  2965.6042
       150    24  2766.1364
       150    25  2614.1346
       150    26  2471.6870
       150    27  2404.5510
       150    28  2202.6451
       150    29  2120.1571
       150    30  2016.0768
       150    31  1909.6887
       150    32  1852.6486
       150    33  1787.6724
       150    34  1732.7255
       150    35  1649.0059
       150    36  1601.3942
       150    37  1531.6912
       150    38  1485.5598
       150    39  1439.5518
       150    40  1400.5571
       200     1 11444.5960
       200     2 11910.4267
       200     3 14271.5824
       200     4 13435.6511
       200     5 11303.8879
       200     6 11110.3147
       200     7  9068.0283
       200     8  8247.1053
       200     9  8122.1107
       200    10  7278.9785
       200    11  6872.0931
       200    12  6454.4087
       200    13  6431.7833
       200    14  5871.7540
       200    15  5445.5258
       200    16  5292.5862
       200    17  4841.5807
       200    18  4906.8205
       200    19  4396.6679
       200    20  3793.8536
       200    21  3508.4277
       200    22  3120.4726
       200    23  2914.3639
       200    24  2705.3291
       200    25  2576.2482
       200    26  2460.4333
       200    27  2284.0248
       200    28  2179.4147
       200    29  2104.8737
       200    30  1993.0597
       200    31  1922.1647
       200    32  1842.6610
       200    33  1769.4078
       200    34  1723.5470
       200    35  1657.2225
       200    36  1455.1058
       200    37  1326.5738
       200    38  1472.2889
       200    39  1349.6318
       200    40  1269.3369
       250     1  8770.0409
       250     2 12064.6176
       250     3  9812.2665
       250     4  9992.7784
       250     5  9351.2057
       250     6  9533.1426
       250     7  8612.5766
       250     8  7446.5796
       250     9  7154.7234
       250    10  7084.6489
       250    11  6351.1621
       250    12  6952.8815
       250    13  6255.0653
       250    14  5562.5096
       250    15  5613.0561
       250    16  5045.8616
       250    17  4904.5032
       250    18  4532.5271
       250    19  4496.6250
       250    20  3837.8117
       250    21  3466.2299
       250    22  3129.9736
       250    23  2879.5194
       250    24  2717.6645
       250    25  2509.6018
       250    26  2396.1932
       250    27  2279.3303
       250    28  2142.4604
       250    29  2056.2734
       250    30  2000.4389
       250    31  1891.5287
       250    32  1808.0800
       250    33  1747.9986
       250    34  1674.0580
       250    35  1647.4698
       250    36  1548.4787
       250    37  1473.2619
       250    38  1435.4094
       250    39  1312.6098
       250    40  1384.3230
       300     1  7509.1223
       300     2  7841.8261
       300     3  7376.5137
       300     4 10344.9286
       300     5  7088.7965
       300     6  8696.7256
       300     7  7717.0274
       300     8  6796.4082
       300     9  5933.1759
       300    10  5999.2656
       300    11  6310.7714
       300    12  5599.6499
       300    13  5227.8892
       300    14  5236.9397
       300    15  4950.8261
       300    16  4909.2250
       300    17  4475.7349
       300    18  4354.4793
       300    19  4258.0173
       300    20  3627.7996
       300    21  3510.6205
       300    22  3206.0701
       300    23  2908.0273
       300    24  2756.8756
       300    25  2573.4640
       300    26  2438.1584
       300    27  2308.5608
       300    28  2206.3536
       300    29  2086.6162
       300    30  1994.0678
       300    31  1926.5992
       300    32  1819.9540
       300    33  1776.3822
       300    34  1661.4134
       300    35  1653.4434
       300    36  1552.4678
       300    37  1497.3425
       300    38  1436.5742
       300    39  1403.6139
       300    40  1326.8412
       350     1  5765.2164
       350     2  6873.2086
       350     3  8006.6165
       350     4  6260.9042
       350     5  7381.5731
       350     6  8475.3744
       350     7  6077.9618
       350     8  6954.0206
       350     9  6252.7795
       350    10  6300.0916
       350    11  5347.0751
       350    12  5849.0093
       350    13  5218.5785
       350    14  4963.5783
       350    15  4990.8636
       350    16  4660.8427
       350    17  4411.1649
       350    18  4266.7792
       350    19  4297.5864
       350    20  3682.3778
       350    21  3336.0532
       350    22  3090.6836
       350    23  2806.8050
       350    24  2615.1104
       350    25  2474.6755
       350    26  2343.0104
       350    27  2243.4491
       350    28  2110.8747
       350    29  2044.8773
       350    30  1874.3243
       350    31  1888.6196
       350    32  1804.7356
       350    33  1732.8030
       350    34  1687.8543
       350    35  1579.0142
       350    36  1540.8822
       350    37  1492.2002
       350    38  1385.4520
       350    39  1370.8533
       350    40  1374.9663
       400     1  4982.6526
       400     2  5234.4470
       400     3  6188.6046
       400     4  5046.7469
       400     5  5340.1046
       400     6  7368.5927
       400     7  6394.9679
       400     8  6437.6791
       400     9  5599.7335
       400    10  4899.5879
       400    11  5003.7949
       400    12  5121.6102
       400    13  5225.6492
       400    14  5044.6157
       400    15  4632.0511
       400    16  4428.9158
       400    17  4335.8834
       400    18  4282.6090
       400    19  3967.8932
       400    20  3636.9334
       400    21  3238.1634
       400    22  3052.1669
       400    23  2826.7450
       400    24  2553.9405
       400    25  2402.9944
       400    26  2276.1892
       400    27  2172.0525
       400    28  2013.7379
       400    29  1952.8080
       400    30  1853.8334
       400    31  1765.4698
       400    32  1723.2650
       400    33  1674.4970
       400    34  1642.2807
       400    35  1553.1542
       400    36  1531.0306
       400    37  1473.8156
       400    38  1415.4250
       400    39  1390.7701
       400    40  1320.2605
       450     1  4207.5434
       450     2  5843.1809
       450     3  5751.5490
       450     4  5809.1011
       450     5  5058.0112
       450     6  6141.0853
       450     7  6009.7152
       450     8  5921.8117
       450     9  4892.1652
       450    10  4799.8316
       450    11  4848.4600
       450    12  4671.4402
       450    13  4550.2907
       450    14  4728.5504
       450    15  4253.1157
       450    16  4480.7437
       450    17  4216.1101
       450    18  4013.2722
       450    19  3933.9500
       450    20  3648.1426
       450    21  3242.3328
       450    22  2968.1325
       450    23  2713.3862
       450    24  2541.8836
       450    25  2326.2748
       450    26  2240.8778
       450    27  2029.6356
       450    28  1989.5096
       450    29  1825.0441
       450    30  1793.5602
       450    31  1662.6553
       450    32  1621.9712
       450    33  1591.8580
       450    34  1510.4825
       450    35  1400.9567
       450    36  1344.1922
       450    37  1381.6339
       450    38  1289.1757
       450    39  1305.0556
       450    40  1248.3937
       500     1  2933.3812
       500     2  4285.2800
       500     3  4509.6275
       500     4  3266.5703
       500     5  3891.1392
       500     6  3619.8028
       500     7  3817.5679
       500     8  4433.4034
       500     9  4372.4143
       500    10  4209.1062
       500    11  4266.0300
       500    12  4188.5784
       500    13  4263.2598
       500    14  3951.3033
       500    15  3880.3639
       500    16  4032.4993
       500    17  3922.6594
       500    18  3805.0571
       500    19  3917.7920
       500    20  3464.9563
       500    21  3143.5703
       500    22  2741.4471
       500    23  2581.4067
       500    24  2488.4538
       500    25  2197.8870
       500    26  2182.1824
       500    27  2066.3127
       500    28  1955.9080
       500    29  1858.6849
       500    30  1700.8530
       500    31  1628.4813
       500    32  1569.9794
       500    33  1563.7939
       500    34  1503.4273
       500    35  1436.5848
       500    36  1353.0994
       500    37  1311.3777
       500    38  1262.8635
       500    39  1222.6848
       500    40  1185.3654
       550     1  1648.7693
       550     2  2671.9733
       550     3  3644.3367
       550     4  3863.0228
       550     5  4488.2425
       550     6  4670.1046
       550     7  4467.0541
       550     8  4398.1536
       550     9  4025.0080
       550    10  3976.0488
       550    11  4356.6389
       550    12  4216.2508
       550    13  4101.7016
       550    14  4029.1111
       550    15  3799.4581
       550    16  3740.0036
       550    17  3676.0353
       550    18  3554.3372
       550    19  3188.5018
       550    20  3257.4739
       550    21  2909.7025
       550    22  2747.2075
       550    23  2040.5457
       550    24  2216.8867
       550    25  2168.2790
       550    26  2094.1105
       550    27  1924.7147
       550    28  1917.2978
       550    29  1765.6934
       550    30  1505.0485
       550    31  1587.3271
       550    32  1498.4197
       550    33  1494.5689
       550    34  1437.2207
       550    35  1363.2297
       550    36  1339.2310
       550    37  1298.5023
       550    38  1238.4446
       550    39  1205.5890
       550    40  1154.7279
       600     1  1914.5467
       600     2  2588.9778
       600     3  3046.5391
       600     4  3658.3825
       600     5  3814.7815
       600     6  4185.3072
       600     7  4053.5052
       600     8  3895.3719
       600     9  3788.1464
       600    10  4362.2737
       600    11  3805.2142
       600    12  3691.9174
       600    13  3809.5227
       600    14  3875.5401
       600    15  3494.9890
       600    16  3888.6659
       600    17  3554.4398
       600    18  3307.6512
       600    19  2929.2592
       600    20  2928.7742
       600    21  2838.2832
       600    22  2665.4069
       600    23  2354.1943
       600    24  2016.4699
       600    25  2141.1435
       600    26  2086.1403
       600    27  1796.3677
       600    28  1831.4477
       600    29  1740.4709
       600    30  1584.5331
       600    31  1657.6601
       600    32  1513.4997
       600    33  1460.0054
       600    34  1431.5294
       600    35  1408.0190
       600    36  1191.6145
       600    37  1275.6433
       600    38  1229.4367
       600    39  1200.3479
       600    40  1150.3361
       650     1   680.4292
       650     2  2292.6966
       650     3  3091.0325
       650     4  3301.6872
       650     5  3729.0898
       650     6  3565.1456
       650     7  3743.7936
       650     8  3479.8271
       650     9  3665.4803
       650    10  3310.3920
       650    11  3555.0379
       650    12  3727.8406
       650    13  3353.8588
       650    14  3991.5563
       650    15  3316.9875
       650    16  3549.7062
       650    17  3269.5420
       650    18  3208.7492
       650    19  3300.0413
       650    20  2998.7785
       650    21  2480.6037
       650    22  2526.1978
       650    23  2466.7465
       650    24  2253.3187
       650    25  2107.0704
       650    26  1888.7305
       650    27  1888.4719
       650    28  1733.5071
       650    29  1740.0045
       650    30  1622.3406
       650    31   953.5837
       650    32  1524.8109
       650    33   903.1832
       650    34  1423.7944
       650    35  1381.1819
       650    36  1211.2107
       650    37  1237.1513
       650    38  1262.8627
       650    39  1145.1608
       650    40  1147.3898
       700     1   747.9760
       700     2  2112.7487
       700     3  3105.6440
       700     4  3030.0484
       700     5  3218.9980
       700     6  3492.3802
       700     7  3493.3850
       700     8  3507.1263
       700     9  3304.7513
       700    10  3190.3835
       700    11  3315.4339
       700    12  3391.4578
       700    13  3570.7107
       700    14  3762.7990
       700    15  3676.4408
       700    16  3272.0366
       700    17  3248.4834
       700    18  3089.1773
       700    19  2962.1559
       700    20  2883.5119
       700    21  2796.8405
       700    22  2293.9912
       700    23  2234.5508
       700    24  2133.1335
       700    25  1777.4355
       700    26  1874.2247
       700    27  1876.6261
       700    28  1705.6324
       700    29  1797.1307
       700    30  1684.1523
       700    31  1506.1406
       700    32  1426.7284
       700    33  1525.6587
       700    34  1413.6978
       700    35  1298.8363
       700    36  1306.1059
       700    37  1257.0222
       700    38  1195.6276
       700    39  1081.4274
       700    40  1104.5053
       750     1  1457.8615
       750     2  2029.7055
       750     3  2641.0134
       750     4  2454.7630
       750     5  3098.6255
       750     6  3090.0347
       750     7  3307.8938
       750     8  2924.6660
       750     9  3461.2797
       750    10  2880.0242
       750    11  4349.3720
       750    12  3309.3330
       750    13  3230.6338
       750    14  3053.7840
       750    15  2665.0932
       750    16  2724.3020
       750    17  3493.1601
       750    18  3252.6623
       750    19  2784.5486
       750    20  2939.8434
       750    21  2754.8291
       750    22  2562.5762
       750    23  2354.9776
       750    24  2097.8578
       750    25  2030.5768
       750    26  1965.5489
       750    27  1795.1606
       750    28  1663.1595
       750    29  1334.6923
       750    30  1500.5672
       750    31  1591.3050
       750    32  1463.8575
       750    33  1396.7893
       750    34  1282.8448
       750    35  1294.9417
       750    36  1240.5692
       750    37  1065.9115
       750    38  1161.6490
       750    39  1119.8393
       750    40  1069.4832
       800     1  1275.8158
       800     2  2037.2394
       800     3  2398.0568
       800     4  2733.2046
       800     5  3115.5989
       800     6  3121.1717
       800     7  3105.9897
       800     8  2881.2394
       800     9  3003.1654
       800    10  3030.4256
       800    11  2683.3496
       800    12  2969.9116
       800    13  2911.1715
       800    14  2970.3311
       800    15  2953.8237
       800    16  2825.2031
       800    17  2582.9711
       800    18  2915.1351
       800    19  3281.3646
       800    20  2993.0535
       800    21  2874.4109
       800    22  2599.9042
       800    23  2208.1294
       800    24  2221.1773
       800    25  1616.9036
       800    26  1986.2883
       800    27  1734.6435
       800    28  1736.2490
       800    29  1585.2637
       800    30  1627.6696
       800    31  1485.2746
       800    32  1442.3312
       800    33  1389.5616
       800    34  1383.0492
       800    35  1230.2225
       800    36  1334.7676
       800    37  1197.0020
       800    38  1212.0424
       800    39  1192.0857
       800    40  1117.4750
       850     1  1097.3058
       850     2  1687.1632
       850     3  2508.6400
       850     4  1816.3069
       850     5  2465.0227
       850     6  2424.7121
       850     7  2760.1779
       850     8  3079.9439
       850     9  2829.8980
       850    10  2868.2400
       850    11  2685.8829
       850    12  2531.7187
       850    13  2833.6816
       850    14  2964.1968
       850    15  2658.9758
       850    16  2582.3368
       850    17  2800.3142
       850    18  3371.3556
       850    19  2791.4944
       850    20  2912.4991
       850    21  2232.3921
       850    22  1191.6627
       850    23  2292.9163
       850    24  1833.0804
       850    25  1968.9689
       850    26  1701.4756
       850    27  1768.1059
       850    28  1596.8698
       850    29  1609.4175
       850    30  1640.1314
       850    31  1442.9105
       850    32  1510.4274
       850    33  1425.1349
       850    34  1301.9662
       850    35  1312.8233
       850    36  1213.1808
       850    37  1130.5692
       850    38  1169.2189
       850    39  1097.5396
       850    40  1104.3054
       900     1  1062.1786
       900     2  1342.2338
       900     3  1762.1436
       900     4  2525.8316
       900     5  2170.5259
       900     6  2564.9605
       900     7  2587.0113
       900     8  2535.4740
       900     9  2540.9614
       900    10  2487.3871
       900    11  2578.4065
       900    12  2278.2431
       900    13  2193.4358
       900    14  2493.7916
       900    15  2294.4601
       900    16  2435.4513
       900    17  2574.1382
       900    18  2526.2002
       900    19  2991.5691
       900    20  2346.1896
       900    21  2554.2903
       900    22  2034.8400
       900    23  2301.9928
       900    24  2105.4957
       900    25  1884.2798
       900    26  1725.0205
       900    27  1895.7322
       900    28  1777.6853
       900    29  1613.6441
       900    30  1570.3238
       900    31  1473.8300
       900    32  1420.5246
       900    33  1432.9073
       900    34  1328.4016
       900    35  1283.2224
       900    36  1175.0079
       900    37  1139.0129
       900    38  1132.4934
       900    39  1095.3158
       900    40  1065.4895
       950     1   978.5335
       950     2  1274.9015
       950     3  1966.7119
       950     4  2089.8510
       950     5  2354.0263
       950     6  2171.2421
       950     7  2211.9596
       950     8  2642.9317
       950     9  2079.5116
       950    10  2372.1843
       950    11  2459.8907
       950    12  2503.3312
       950    13  2347.5778
       950    14  2676.1551
       950    15  2373.8056
       950    16  2892.6712
       950    17  2404.0724
       950    18  2755.7576
       950    19  2188.1879
       950    20  2093.9048
       950    21  2234.2500
       950    22  2369.9868
       950    23  1905.7140
       950    24  1991.6256
       950    25  1564.1921
       950    26  1921.2310
       950    27  1863.8532
       950    28  1379.1172
       950    29  1542.7714
       950    30  1378.3450
       950    31  1453.2918
       950    32  1352.1142
       950    33  1369.6028
       950    34  1185.1073
       950    35  1226.6047
       950    36  1179.6377
       950    37  1164.4120
       950    38  1139.1032
       950    39  1102.3906
       950    40  1068.5420
      1000     1   876.1260
      1000     2  1436.3082
      1000     3  1931.2927
      1000     4  2236.8337
      1000     5  1911.4982
      1000     6  2428.1143
      1000     7  2409.2829
      1000     8  2473.0443
      1000     9  1976.3810
      1000    10  2281.9309
      1000    11  2189.4643
      1000    12  2113.7699
      1000    13  2187.5026
      1000    14  2234.7945
      1000    15  2147.9777
      1000    16  2280.2247
      1000    17  2171.1110
      1000    18  2284.7681
      1000    19  1946.7107
      1000    20  2282.7454
      1000    21  2265.3612
      1000    22  1903.3350
      1000    23  1862.3029
      1000    24  1944.4096
      1000    25  1426.1281
      1000    26  1494.7982
      1000    27  1403.0677
      1000    28  1412.1934
      1000    29  1538.3801
      1000    30  1332.7299
      1000    31  1338.0173
      1000    32  1381.7833
      1000    33  1255.4610
      1000    34  1190.5668
      1000    35  1161.2980
      1000    36  1191.6891
      1000    37  1135.8852
      1000    38   984.7963
      1000    39  1035.5968
      1000    40  1012.5096
      1050     1   714.7125
      1050     2  1157.6628
      1050     3  1547.0619
      1050     4  1328.5494
      1050     5  1901.2130
      1050     6  1728.4590
      1050     7  2046.8996
      1050     8  2049.6812
      1050     9  1943.2331
      1050    10  2168.4826
      1050    11  2131.3574
      1050    12  2144.6815
      1050    13  2132.0333
      1050    14  2137.0992
      1050    15  2363.4054
      1050    16  2197.2690
      1050    17  2291.7963
      1050    18  2061.7951
      1050    19  2542.4944
      1050    20  1908.6216
      1050    21  1775.0710
      1050    22  2211.9205
      1050    23  1911.9159
      1050    24  1621.5453
      1050    25  1551.5069
      1050    26  1478.9706
      1050    27  1235.3270
      1050    28  1535.7535
      1050    29  1593.2849
      1050    30  1329.7025
      1050    31  1344.0671
      1050    32  1141.6079
      1050    33  1172.6213
      1050    34   903.8245
      1050    35  1071.8711
      1050    36  1112.1079
      1050    37  1057.9495
      1050    38  1017.1544
      1050    39  1016.7012
      1050    40   985.7667
      1100     1   755.6114
      1100     2  1044.1186
      1100     3  1375.8885
      1100     4  1594.7343
      1100     5  1699.1520
      1100     6  1760.0698
      1100     7  1976.3458
      1100     8  1950.4335
      1100     9  1762.3045
      1100    10  2176.9532
      1100    11  1980.4862
      1100    12  2146.8308
      1100    13  2259.0044
      1100    14  2173.4980
      1100    15  2126.8986
      1100    16  1920.0354
      1100    17  2062.7080
      1100    18  2405.9744
      1100    19  2096.7523
      1100    20  2059.5683
      1100    21  1969.2366
      1100    22  2065.3507
      1100    23  1765.0813
      1100    24  1713.1138
      1100    25  1279.9280
      1100    26  1445.3374
      1100    27  1361.5883
      1100    28  1267.3209
      1100    29  1436.0775
      1100    30  1155.3701
      1100    31  1166.0922
      1100    32  1141.7586
      1100    33  1127.6241
      1100    34  1214.8571
      1100    35   899.4036
      1100    36  1065.1425
      1100    37  1043.0407
      1100    38   951.8566
      1100    39  1049.5492
      1100    40   967.2419
      1150     1   576.2381
      1150     2   906.3571
      1150     3  1430.1822
      1150     4  1265.0841
      1150     5  1716.7173
      1150     6  1751.1410
      1150     7  1578.3015
      1150     8  1737.3362
      1150     9  2093.3662
      1150    10  2013.2527
      1150    11  1985.1719
      1150    12  1903.7129
      1150    13  2194.4601
      1150    14  2111.6235
      1150    15  1888.6519
      1150    16  1874.3852
      1150    17  1881.2870
      1150    18  1944.1711
      1150    19  2000.4304
      1150    20  1952.8792
      1150    21  1980.6154
      1150    22  2035.2608
      1150    23  1893.5564
      1150    24  1637.8893
      1150    25  1024.7235
      1150    26  1669.6432
      1150    27  1312.4411
      1150    28  1479.6359
      1150    29  1156.4456
      1150    30  1259.9991
      1150    31  1289.4574
      1150    32   889.4237
      1150    33  1118.4363
      1150    34  1131.3219
      1150    35  1163.7354
      1150    36   986.1486
      1150    37  1036.4305
      1150    38  1046.9515
      1150    39   960.8524
      1150    40  1053.5224
      1200     1   427.0091
      1200     2   880.1994
      1200     3  1388.1750
      1200     4  1388.9557
      1200     5  1640.8810
      1200     6  1779.7996
      1200     7  1602.3152
      1200     8  1777.2245
      1200     9  1909.9282
      1200    10  1809.0056
      1200    11  1920.2216
      1200    12  1881.8825
      1200    13  1987.3247
      1200    14  1876.9833
      1200    15  1815.0486
      1200    16  1865.0237
      1200    17  1819.7987
      1200    18  2005.8586
      1200    19  2143.1976
      1200    20  1697.8625
      1200    21  2163.0161
      1200    22  1844.5314
      1200    23  1997.7491
      1200    24  1889.8356
      1200    25  1156.6932
      1200    26  1593.3589
      1200    27  1084.4143
      1200    28  1205.0074
      1200    29  1207.7067
      1200    30  1226.1461
      1200    31  1172.3445
      1200    32  1167.6570
      1200    33  1102.2851
      1200    34  1192.1218
      1200    35  1078.4127
      1200    36  1039.1837
      1200    37   805.9225
      1200    38   949.4248
      1200    39   899.7747
      1200    40   713.2046
      1250     1   448.3373
      1250     2   772.4317
      1250     3  1209.0089
      1250     4  1173.3138
      1250     5  1456.7665
      1250     6  1728.2133
      1250     7  1829.2569
      1250     8  1526.9607
      1250     9  1829.6263
      1250    10  1811.5855
      1250    11  1844.8068
      1250    12  1917.1173
      1250    13  1970.2976
      1250    14  1954.8407
      1250    15  1807.9718
      1250    16  1546.4928
      1250    17  1625.1883
      1250    18  1637.5320
      1250    19  1817.9332
      1250    20  1705.7706
      1250    21  2048.1304
      1250    22  1847.4571
      1250    23  1857.2624
      1250    24  1898.0353
      1250    25  1446.3422
      1250    26  1495.2433
      1250    27  1136.9024
      1250    28  1278.5372
      1250    29  1319.1663
      1250    30  1330.1313
      1250    31  1229.8575
      1250    32  1144.7447
      1250    33  1019.5643
      1250    34  1037.7779
      1250    35  1099.3452
      1250    36  1024.8361
      1250    37   926.9545
      1250    38   876.9950
      1250    39  1010.8518
      1250    40   934.4249
      1300     1   526.3497
      1300     2   682.8118
      1300     3  1180.1704
      1300     4  1350.8601
      1300     5  1443.8035
      1300     6  1131.3373
      1300     7  1478.6063
      1300     8  1422.5806
      1300     9  1727.2149
      1300    10  1524.9469
      1300    11  1650.4121
      1300    12  1801.8278
      1300    13  1831.9734
      1300    14  1585.5169
      1300    15  1781.2991
      1300    16  1843.7595
      1300    17  1586.2157
      1300    18  1850.5554
      1300    19  1703.6835
      1300    20  1419.5868
      1300    21  1515.6758
      1300    22  1833.6269
      1300    23  1711.7896
      1300    24  1787.2052
      1300    25  1408.6986
      1300    26  1074.1201
      1300    27  1567.4339
      1300    28  1532.5684
      1300    29  1135.4867
      1300    30  1497.6950
      1300    31  1025.6350
      1300    32  1065.9277
      1300    33  1089.1921
      1300    34  1060.7222
      1300    35  1167.7363
      1300    36  1047.4329
      1300    37  1037.3969
      1300    38   973.9556
      1300    39   969.7488
      1300    40   954.6874
      1350     1   390.9880
      1350     2   659.0733
      1350     3  1147.3408
      1350     4  1123.0834
      1350     5  1552.7506
      1350     6  1382.7471
      1350     7  1334.2796
      1350     8  1650.9897
      1350     9  1700.3702
      1350    10  1686.3286
      1350    11  1657.1693
      1350    12  1687.9763
      1350    13  1702.7656
      1350    14  2122.2876
      1350    15  1597.3410
      1350    16  1748.4132
      1350    17  1841.8353
      1350    18  1674.8543
      1350    19  1594.3560
      1350    20  1598.4529
      1350    21  1667.9592
      1350    22  1681.2734
      1350    23  1529.3008
      1350    24  1552.9145
      1350    25  1318.9432
      1350    26  1082.8240
      1350    27  1078.6639
      1350    28  1309.9533
      1350    29  1242.4680
      1350    30  1350.4025
      1350    31  1156.3120
      1350    32  1356.0733
      1350    33   929.5472
      1350    34   981.0003
      1350    35  1026.8213
      1350    36   857.6174
      1350    37  1068.0463
      1350    38  1021.6996
      1350    39   999.6850
      1350    40   888.0292
      1400     1   372.9147
      1400     2   618.0613
      1400     3  1068.6672
      1400     4   979.6668
      1400     5  1418.7445
      1400     6  1496.8386
      1400     7  1376.2968
      1400     8  1563.9188
      1400     9  1670.4565
      1400    10  1629.0174
      1400    11  1666.4830
      1400    12  1615.8650
      1400    13  1523.4885
      1400    14  1557.5948
      1400    15  1679.3125
      1400    16  1660.8644
      1400    17  1594.4423
      1400    18  1644.4229
      1400    19  1394.8955
      1400    20  1486.7807
      1400    21  1438.1951
      1400    22  1439.9475
      1400    23  1537.9327
      1400    24  1608.6873
      1400    25  1242.7141
      1400    26  1493.8387
      1400    27  1405.2165
      1400    28  1062.1797
      1400    29  1196.1238
      1400    30  1142.2811
      1400    31  1209.5205
      1400    32  1031.7648
      1400    33  1022.7607
      1400    34  1110.9212
      1400    35   910.3767
      1400    36   853.8237
      1400    37   710.1488
      1400    38  1016.3204
      1400    39   968.6549
      1400    40   811.5792
      1450     1   386.4675
      1450     2   603.5886
      1450     3  1081.8653
      1450     4  1212.1195
      1450     5  1320.1753
      1450     6  1236.8912
      1450     7  1485.1533
      1450     8  1425.0192
      1450     9  1630.1997
      1450    10  1413.5491
      1450    11  1562.7440
      1450    12  1543.3221
      1450    13  1536.9410
      1450    14  1406.3085
      1450    15  1484.2650
      1450    16  1481.4712
      1450    17  1620.2708
      1450    18  1642.0266
      1450    19  1564.6816
      1450    20  1445.7807
      1450    21  1323.7810
      1450    22  1364.0688
      1450    23  1468.7762
      1450    24  1526.6792
      1450    25  1254.9797
      1450    26  1558.6760
      1450    27  1283.3266
      1450    28  1253.2859
      1450    29  1114.6366
      1450    30  1350.1057
      1450    31   995.7233
      1450    32  1139.0824
      1450    33   928.9942
      1450    34   951.3686
      1450    35  1169.7377
      1450    36  1002.3550
      1450    37   975.6525
      1450    38   971.4122
      1450    39   940.4257
      1450    40   919.7630
      1500     1   399.6411
      1500     2   685.6870
      1500     3   850.6579
      1500     4  1225.8243
      1500     5  1333.5182
      1500     6  1447.8746
      1500     7  1519.4953
      1500     8  1524.7721
      1500     9  1774.4147
      1500    10  1953.5065
      1500    11  1460.2322
      1500    12  1459.2911
      1500    13  1601.6872
      1500    14  1595.2615
      1500    15  1550.5909
      1500    16  1541.2240
      1500    17  1407.6872
      1500    18  1432.2650
      1500    19  1440.6631
      1500    20  1326.5954
      1500    21  1466.4944
      1500    22  1443.3665
      1500    23  1357.4168
      1500    24  1437.9607
      1500    25  1387.4783
      1500    26  1373.5790
      1500    27  1371.8100
      1500    28  1299.9722
      1500    29  1155.1986
      1500    30  1203.3016
      1500    31   998.3919
      1500    32  1039.4872
      1500    33  1178.4880
      1500    34  1067.7108
      1500    35   894.9199
      1500    36   991.1606
      1500    37   921.5868
      1500    38   856.9417
      1500    39   906.7463
      1500    40   871.5487
      1550     1   356.6051
      1550     2   543.0394
      1550     3   742.2088
      1550     4  1059.9921
      1550     5   926.9377
      1550     6  1324.4273
      1550     7  1175.4660
      1550     8  1394.2311
      1550     9  1275.6426
      1550    10  1223.1266
      1550    11  1400.6052
      1550    12  1478.6823
      1550    13  1516.8252
      1550    14  1918.5683
      1550    15  1528.7894
      1550    16  1437.3715
      1550    17  1539.3324
      1550    18  1467.6759
      1550    19  1485.6307
      1550    20  1355.4246
      1550    21  1257.2163
      1550    22  1250.7277
      1550    23  1292.8032
      1550    24  1263.2776
      1550    25  1448.7292
      1550    26  1486.5267
      1550    27  1254.0880
      1550    28  1301.7934
      1550    29  1208.6991
      1550    30  1114.5985
      1550    31   978.9088
      1550    32  1244.3267
      1550    33  1096.2386
      1550    34  1044.7695
      1550    35   970.3928
      1550    36  1086.0711
      1550    37   824.2951
      1550    38   878.5271
      1550    39   840.0298
      1550    40   871.5096
      1600     1   389.1634
      1600     2   611.3787
      1600     3   856.0106
      1600     4   904.8003
      1600     5  1214.4202
      1600     6  1218.9659
      1600     7  1386.2761
      1600     8  1270.7595
      1600     9  1341.7383
      1600    10  1172.8206
      1600    11  1337.0264
      1600    12  1551.6899
      1600    13  1288.4291
      1600    14  1482.2304
      1600    15  1323.8412
      1600    16  1298.5558
      1600    17  1381.4598
      1600    18  1390.9862
      1600    19  1222.3864
      1600    20  1128.2666
      1600    21  1373.1835
      1600    22  1603.6132
      1600    23  1348.1779
      1600    24  1213.2387
      1600    25  1358.3877
      1600    26  1395.1749
      1600    27  1193.5868
      1600    28  1213.5542
      1600    29  1437.1157
      1600    30  1126.4467
      1600    31  1265.9717
      1600    32  1176.1479
      1600    33   982.1667
      1600    34  1172.1314
      1600    35  1039.5798
      1600    36   876.3612
      1600    37   909.3507
      1600    38   899.2344
      1600    39   806.9252
      1600    40   854.9920
      1650     1   327.1435
      1650     2   545.7282
      1650     3   859.4756
      1650     4   760.4693
      1650     5   959.1747
      1650     6  1341.7606
      1650     7  1094.4845
      1650     8  1343.0954
      1650     9  1206.8528
      1650    10  1390.6488
      1650    11  1346.9759
      1650    12  1435.0800
      1650    13  1522.7661
      1650    14  1503.3545
      1650    15  1385.2069
      1650    16  1351.5442
      1650    17  1311.7391
      1650    18  1265.1747
      1650    19  1258.9963
      1650    20  1236.8311
      1650    21  1227.5491
      1650    22  1213.0130
      1650    23  1184.1432
      1650    24  1479.9651
      1650    25  1369.7360
      1650    26  1314.0275
      1650    27  1476.3133
      1650    28  1253.7096
      1650    29  1079.6941
      1650    30   829.1074
      1650    31  1126.1468
      1650    32  1159.0034
      1650    33  1045.5960
      1650    34   976.8305
      1650    35  1012.8178
      1650    36   748.9214
      1650    37   903.9652
      1650    38   852.4503
      1650    39   845.4453
      1650    40   917.4552
      1700     1   305.5339
      1700     2   458.7960
      1700     3   663.2171
      1700     4   909.6904
      1700     5  1060.3328
      1700     6  1196.4387
      1700     7  1208.5782
      1700     8  1333.9239
      1700     9  1388.1003
      1700    10  1388.2871
      1700    11  1335.1494
      1700    12  1434.0383
      1700    13  1382.9616
      1700    14  1361.1382
      1700    15  1336.4575
      1700    16  1381.6768
      1700    17  1284.7277
      1700    18  1189.1749
      1700    19  1233.7928
      1700    20  1179.1827
      1700    21  1135.4505
      1700    22  1138.3616
      1700    23  1193.6944
      1700    24  1051.6923
      1700    25  1049.7992
      1700    26  1412.0532
      1700    27  1148.5512
      1700    28  1059.7738
      1700    29  1195.7519
      1700    30  1171.2122
      1700    31  1160.7863
      1700    32  1062.2790
      1700    33   968.7591
      1700    34   950.3240
      1700    35   931.8775
      1700    36   941.0792
      1700    37   751.8324
      1700    38   771.5184
      1700    39   857.4418
      1700    40   818.8758
      1750     1   285.0095
      1750     2   452.5514
      1750     3   456.7128
      1750     4   687.9591
      1750     5  1020.7061
      1750     6   926.9730
      1750     7  1142.4437
      1750     8  1121.2886
      1750     9  1288.0253
      1750    10  1227.2946
      1750    11  1335.2078
      1750    12  1253.2758
      1750    13  1295.3809
      1750    14  1225.1766
      1750    15  1340.3474
      1750    16  1324.6512
      1750    17  1369.4991
      1750    18  1193.7143
      1750    19  1242.3993
      1750    20  1210.6208
      1750    21  1105.8584
      1750    22  1214.3308
      1750    23  1155.8958
      1750    24  1052.5453
      1750    25  1027.4899
      1750    26  1131.1649
      1750    27  1282.0674
      1750    28  1072.9729
      1750    29  1099.4202
      1750    30  1082.9595
      1750    31  1082.0657
      1750    32   942.8550
      1750    33   828.1968
      1750    34   948.0771
      1750    35   937.6955
      1750    36   733.6227
      1750    37   926.0723
      1750    38   895.4221
      1750    39   759.0960
      1750    40   722.2698
      1800     1   255.8513
      1800     2   451.7241
      1800     3   716.3979
      1800     4   861.1916
      1800     5  1062.3941
      1800     6  1028.3740
      1800     7  1233.0661
      1800     8  1012.1973
      1800     9  1251.6552
      1800    10  1056.1003
      1800    11  1297.6704
      1800    12  1375.6955
      1800    13  1290.6776
      1800    14  1316.2469
      1800    15  1322.6307
      1800    16  1262.4725
      1800    17  1247.4288
      1800    18  1264.1338
      1800    19  1190.3833
      1800    20  1081.0541
      1800    21  1014.7735
      1800    22  1128.4847
      1800    23  1062.3752
      1800    24  1040.3598
      1800    25   968.5858
      1800    26  1104.7694
      1800    27  1026.3824
      1800    28  1190.2312
      1800    29  1178.7592
      1800    30   873.0189
      1800    31  1128.8040
      1800    32  1064.0391
      1800    33  1013.7343
      1800    34   757.4793
      1800    35   924.2166
      1800    36   713.4497
      1800    37   864.7590
      1800    38   918.4867
      1800    39   867.5621
      1800    40   716.8649
      1850     1   216.3162
      1850     2   406.2014
      1850     3   639.7032
      1850     4   721.3553
      1850     5   940.8313
      1850     6  1117.0809
      1850     7  1331.6659
      1850     8  1055.6872
      1850     9  1321.4464
      1850    10  1148.8730
      1850    11  1052.7817
      1850    12  1275.1509
      1850    13  1238.7375
      1850    14  1232.2968
      1850    15  1238.2197
      1850    16  1234.2750
      1850    17  1168.9870
      1850    18  1306.1783
      1850    19  1098.3525
      1850    20  1226.2953
      1850    21  1173.8270
      1850    22  1103.1547
      1850    23  1075.6872
      1850    24  1068.8364
      1850    25   964.4599
      1850    26   950.8463
      1850    27  1155.7264
      1850    28  1074.1867
      1850    29  1025.3601
      1850    30   968.4223
      1850    31  1043.1862
      1850    32  1102.7856
      1850    33  1097.2984
      1850    34   927.6061
      1850    35   839.6852
      1850    36   872.8879
      1850    37   684.0965
      1850    38   789.8864
      1850    39   790.7706
      1850    40   877.3173
      1900     1   221.2064
      1900     2   424.5898
      1900     3   594.1939
      1900     4   598.9876
      1900     5  1004.6615
      1900     6   966.7373
      1900     7  1061.3216
      1900     8   683.8958
      1900     9  1209.0195
      1900    10   989.2335
      1900    11  1125.4692
      1900    12  1276.0335
      1900    13  1241.1935
      1900    14  1301.8313
      1900    15  1221.4494
      1900    16  1231.4282
      1900    17  1123.4278
      1900    18  1199.0276
      1900    19  1132.6673
      1900    20   940.6128
      1900    21  1054.1763
      1900    22  1145.4052
      1900    23  1045.0643
      1900    24   942.3565
      1900    25   939.2523
      1900    26   991.5176
      1900    27  1022.3404
      1900    28   914.9729
      1900    29   969.5234
      1900    30  1051.9839
      1900    31  1068.4207
      1900    32   962.6429
      1900    33  1015.3584
      1900    34   842.1830
      1900    35   913.4195
      1900    36   798.1626
      1900    37   866.4965
      1900    38   676.8051
      1900    39   697.6435
      1900    40   751.6069
      1950     1   259.5103
      1950     2   422.9146
      1950     3   592.2050
      1950     4   772.3630
      1950     5   612.2753
      1950     6   874.9785
      1950     7  1072.9788
      1950     8   863.5958
      1950     9  1084.1302
      1950    10  1249.9198
      1950    11  1364.9725
      1950    12   998.7473
      1950    13  1079.4723
      1950    14  1100.6468
      1950    15  1122.2807
      1950    16  1213.4238
      1950    17  1149.7297
      1950    18  1181.9229
      1950    19  1261.5823
      1950    20  1149.1129
      1950    21   971.1052
      1950    22  1073.4528
      1950    23   957.1125
      1950    24   858.1473
      1950    25   979.7849
      1950    26   896.1061
      1950    27   989.1958
      1950    28   898.2219
      1950    29   944.1186
      1950    30   829.7749
      1950    31   914.1359
      1950    32   877.5889
      1950    33   970.0352
      1950    34   837.7874
      1950    35   935.1114
      1950    36   848.7658
      1950    37   842.6403
      1950    38   784.0925
      1950    39   773.1351
      1950    40   688.7570
      2000     1   233.9721
      2000     2   375.2551
      2000     3   524.5473
      2000     4   560.7323
      2000     5   652.9321
      2000     6   981.6506
      2000     7   886.3294
      2000     8  1022.0719
      2000     9  1162.9089
      2000    10   985.0376
      2000    11  1209.2648
      2000    12  1149.2076
      2000    13  1289.8029
      2000    14  1214.9358
      2000    15  1222.8582
      2000    16  1079.8484
      2000    17  1095.0681
      2000    18  1148.5173
      2000    19  1027.7554
      2000    20   918.8513
      2000    21   998.8314
      2000    22   929.2542
      2000    23   925.4013
      2000    24   935.9187
      2000    25   918.6990
      2000    26   899.8034
      2000    27   947.0676
      2000    28   981.5337
      2000    29   844.3354
      2000    30   897.8576
      2000    31   967.4565
      2000    32   923.8273
      2000    33   852.5524
      2000    34   876.4950
      2000    35   926.4616
      2000    36   793.2892
      2000    37   818.3975
      2000    38   726.7977
      2000    39   808.9919
      2000    40   623.0715
