       100     1 44683.7088
       200     1 14994.2312
       300     1  6940.4024
       400     1  3818.5821
       500     1  2328.0593
       600     1  1728.4605
       700     1  1192.9850
       800     1   947.0915
       900     1   758.6485
        50     1 197787.4702
       100     1 60360.2743
       150     1 25688.7164
       200     1 15161.6395
       250     1 10295.3067
       300     1  6889.9472
       350     1  5144.3244
       400     1  3904.6285
       450     1  3098.0745
       500     1  2559.1124
       550     1  1863.2132
       600     1  1696.0702
       650     1  1387.7819
       700     1  1166.3824
       750     1  1051.2977
       800     1   904.3243
       850     1   863.9659
       900     1   784.9826
       950     1   710.2755
      1000     1   614.0253
      1050     1   553.6736
      1100     1   459.3491
      1150     1   487.3451
      1200     1   431.3318
      1250     1   394.6509
      1300     1   378.7271
      1350     1   338.4471
      1400     1   314.7859
      1450     1   309.9585
      1500     1   286.6223
      1550     1   269.3564
      1600     1   255.3188
      1650     1   236.8448
      1700     1   220.3157
      1750     1   207.7430
      1800     1   200.7314
      1850     1   180.8948
      1900     1   180.0199
      1950     1   164.2160
      2000     1   151.1868
