      1000     0  5716.1602
      2000     0  1718.5242
      3000     0   774.7891
      4000     0   433.7923
      5000     0   277.6017
      6000     0   192.9378
      1000     0  5608.3818
      2000     0  1548.8409
      3000     0   733.5808
      4000     0   435.9497
      5000     0   279.6904
      6000     0   190.6098
      7000     0   140.9953
      8000     0   107.8667
      9000     0    85.7596
     10000     0    68.6067
     11000     0    58.0717
     12000     0    48.1197
     13000     0    41.0266
     14000     0    35.7555
     15000     0    31.1642
     16000     0    27.2559
     17000     0    24.1339
     18000     0    21.3485
     19000     0    19.2409
     20000     0    17.3318
