       100     1 85405.7771
       100     2 96069.2959
       100     3 112256.2723
       100     4 123391.3013
       100     5 141672.3692
       100     6 133240.8642
       100     7 130315.0627
       100     8 129940.7468
       100     9 141820.1619
       100    10 129266.2985
       100    11 129138.0079
       100    12 123555.9858
       100    13 116308.2848
       100    14 109949.5140
       100    15 107233.1965
       100    16 96068.5668
       100    17 109153.0795
       100    18 111785.5156
       100    19 90514.0989
       100    20 99522.0117
       100    21 100077.4920
       100    22 100621.8896
       100    23 70269.8695
       100    24 84518.8739
       100    25 94745.3957
       100    26 64301.2500
       100    27 78794.3779
       100    28 75756.0182
       100    29 71801.7776
       100    30 72303.4431
       100    31 68521.6923
       100    32 65011.6571
       100    33 68985.8724
       100    34 67520.2532
       100    35 59524.1851
       100    36 61439.3774
       100    37 66051.1091
       100    38 62827.3501
       100    39 50382.6466
       100    40 47439.7957
       200     1 24223.4000
       200     2 38886.7250
       200     3 51746.4151
       200     4 47745.7672
       200     5 75143.3393
       200     6 73463.0606
       200     7 75693.3007
       200     8 72738.0200
       200     9 76952.0748
       200    10 82744.3070
       200    11 79639.2634
       200    12 80344.3004
       200    13 73962.0670
       200    14 69195.5835
       200    15 82538.5885
       200    16 75555.1075
       200    17 71731.8630
       200    18 51627.3008
       200    19 73128.8132
       200    20 72129.4138
       200    21 60303.3240
       200    22 65370.5756
       200    23 63433.9371
       200    24 67054.3921
       200    25 54862.3617
       200    26 56090.8014
       200    27 52991.9426
       200    28 60367.4949
       200    29 57086.7027
       200    30 51164.8177
       200    31 54029.5077
       200    32 49727.2040
       200    33 47945.7035
       200    34 45911.6599
       200    35 51090.8567
       200    36 35874.1532
       200    37 50325.3848
       200    38 42239.8848
       200    39 44133.2147
       200    40 43684.8671
       300     1 11407.7495
       300     2 20812.2921
       300     3 28269.4827
       300     4 36689.7563
       300     5 41521.6809
       300     6 34446.0263
       300     7 50037.9994
       300     8 51362.2523
       300     9 43088.6135
       300    10 57693.6495
       300    11 56557.0643
       300    12 59055.7470
       300    13 65572.9750
       300    14 59255.4241
       300    15 56463.0676
       300    16 52235.8850
       300    17 64567.6073
       300    18 41511.9292
       300    19 56184.2328
       300    20 41853.5687
       300    21 50869.8899
       300    22 61037.4452
       300    23 49597.7469
       300    24 56964.9643
       300    25 53233.9100
       300    26 46365.2423
       300    27 50329.2013
       300    28 44480.1135
       300    29 45100.1180
       300    30 42131.1613
       300    31 37430.8924
       300    32 55189.6890
       300    33 42205.8043
       300    34 36127.7899
       300    35 52354.1784
       300    36 38911.4655
       300    37 39457.7704
       300    38 39181.0908
       300    39 34738.7767
       300    40 44021.1508
       400     1  6820.9593
       400     2 12366.9823
       400     3 16191.8529
       400     4 21410.2870
       400     5 22716.8187
       400     6 29531.1362
       400     7 28052.4301
       400     8 30658.4259
       400     9 39077.2990
       400    10 39019.9329
       400    11 41550.0226
       400    12 43738.1683
       400    13 36825.4747
       400    14 40091.7977
       400    15 38307.5424
       400    16 44438.6955
       400    17 40937.5166
       400    18 38470.3621
       400    19 37356.6698
       400    20 43074.8677
       400    21 41388.1184
       400    22 47498.8407
       400    23 39383.0783
       400    24 43508.2180
       400    25 47298.7039
       400    26 40822.1733
       400    27 36568.4511
       400    28 45453.1769
       400    29 36170.3256
       400    30 32310.7809
       400    31 36180.5884
       400    32 32008.4918
       400    33 39896.0271
       400    34 34341.7688
       400    35 35089.3164
       400    36 35651.2416
       400    37 39630.5033
       400    38 28672.8910
       400    39 33024.0466
       400    40 27246.7443
       500     1  4303.3774
       500     2  7776.8837
       500     3 11783.6957
       500     4 13823.5923
       500     5 15823.1264
       500     6 20419.7145
       500     7 21163.5191
       500     8 22618.0626
       500     9 24811.6151
       500    10 29836.5560
       500    11 31149.8664
       500    12 27294.4724
       500    13 28483.9946
       500    14 31012.7190
       500    15 28224.3523
       500    16 36048.3717
       500    17 32487.4559
       500    18 29923.7785
       500    19 35433.7813
       500    20 39105.0726
       500    21 28876.3338
       500    22 32937.9586
       500    23 32287.8245
       500    24 34529.5896
       500    25 30276.3359
       500    26 33473.3855
       500    27 30105.3745
       500    28 37259.0843
       500    29 35044.1794
       500    30 38790.0033
       500    31 30970.0177
       500    32 31358.5122
       500    33 29410.0677
       500    34 24808.5328
       500    35 25835.4465
       500    36 25591.3496
       500    37 26834.9028
       500    38 29454.5629
       500    39 26440.3280
       500    40 23301.0088
       600     1  2969.3780
       600     2  4986.9488
       600     3  7919.1102
       600     4  8887.8409
       600     5 11087.9526
       600     6 11821.8464
       600     7 14669.6098
       600     8 14879.4052
       600     9 15250.6222
       600    10 17633.2063
       600    11 18417.5160
       600    12 20422.1116
       600    13 22529.2090
       600    14 20388.9937
       600    15 16619.7625
       600    16 20983.3747
       600    17 22492.6380
       600    18 23390.1657
       600    19 23572.0417
       600    20 21669.4685
       600    21 23623.5045
       600    22 22220.0131
       600    23 20826.8343
       600    24 24786.5005
       600    25 28428.4630
       600    26 24814.4635
       600    27 24290.8732
       600    28 25567.6220
       600    29 22019.8638
       600    30 26767.5450
       600    31 21878.2660
       600    32 19180.0097
       600    33 23401.6224
       600    34 24795.7103
       600    35 25621.2995
       600    36 20717.3634
       600    37 21423.6848
       600    38 21840.8723
       600    39 28065.3836
       600    40 21969.2572
       700     1  2153.8194
       700     2  3926.9117
       700     3  5892.9874
       700     4  7408.2007
       700     5  8692.8484
       700     6  9718.7256
       700     7 12039.3926
       700     8 12812.4727
       700     9 14020.3420
       700    10 15724.8961
       700    11 15569.7998
       700    12 15829.1695
       700    13 17119.4830
       700    14 17415.4165
       700    15 16813.8901
       700    16 19309.5047
       700    17 20380.1184
       700    18 19595.5546
       700    19 22118.9285
       700    20 19158.7370
       700    21 19503.8773
       700    22 24102.7318
       700    23 22613.1905
       700    24 22203.9814
       700    25 21109.9992
       700    26 23734.7833
       700    27 18425.2762
       700    28 19912.9289
       700    29 22175.3922
       700    30 19200.6060
       700    31 21669.0304
       700    32 20403.7359
       700    33 19553.8777
       700    34 20556.9919
       700    35 19186.3306
       700    36 20086.2730
       700    37 19872.7010
       700    38 19618.8639
       700    39 21897.9860
       700    40 20461.5468
       800     1  1741.6174
       800     2  2833.6500
       800     3  4402.8805
       800     4  5728.4670
       800     5  6702.8851
       800     6  8127.2752
       800     7  9425.7316
       800     8 10446.5427
       800     9  9936.3495
       800    10 12710.7467
       800    11 12981.3718
       800    12 13146.1106
       800    13 14532.5664
       800    14 13710.3148
       800    15 15808.5113
       800    16 15115.4753
       800    17 16320.1539
       800    18 16867.4311
       800    19 16332.9123
       800    20 18114.0428
       800    21 17013.1623
       800    22 18811.1979
       800    23 17394.2146
       800    24 17484.5942
       800    25 18116.1567
       800    26 16568.5901
       800    27 19149.9744
       800    28 16777.4712
       800    29 19221.8036
       800    30 18034.5367
       800    31 20135.9306
       800    32 16407.7323
       800    33 16182.4804
       800    34 19268.5129
       800    35 17820.3038
       800    36 17193.3198
       800    37 19202.4825
       800    38 19798.1131
       800    39 16367.7362
       800    40 16200.4732
       900     1  1324.4810
       900     2  2368.2873
       900     3  3294.8169
       900     4  4479.0565
       900     5  5611.4530
       900     6  6451.5799
       900     7  7609.5963
       900     8  8919.5220
       900     9  9011.6243
       900    10 10550.8746
       900    11 10985.7377
       900    12 11792.5504
       900    13 12394.6468
       900    14 12660.7812
       900    15 12479.5567
       900    16 12707.7125
       900    17 14874.4437
       900    18 13910.2682
       900    19 14531.2583
       900    20 14762.8926
       900    21 14552.9681
       900    22 15182.9209
       900    23 16272.3016
       900    24 16716.2677
       900    25 16240.3991
       900    26 15532.6698
       900    27 14982.9435
       900    28 15596.9478
       900    29 16485.9207
       900    30 16174.3790
       900    31 15659.0805
       900    32 18409.8022
       900    33 16788.9459
       900    34 18226.7812
       900    35 15140.7414
       900    36 18685.6609
       900    37 15554.6024
       900    38 19265.5550
       900    39 17254.6827
       900    40 15192.6453
      1000     1  1044.6957
      1000     2  1709.1499
      1000     3  2442.4775
      1000     4  3598.9705
      1000     5  4334.6837
      1000     6  5088.0095
      1000     7  6070.2006
      1000     8  7421.1405
      1000     9  7681.8749
      1000    10  8315.9150
      1000    11  9257.9648
      1000    12  9404.6352
      1000    13 10325.2603
      1000    14 10490.2541
      1000    15 11419.2237
      1000    16 11850.5087
      1000    17 12684.5397
      1000    18 12107.4792
      1000    19 13067.2950
      1000    20 13489.3049
      1000    21 13025.3092
      1000    22 13672.7466
      1000    23 14115.5643
      1000    24 14344.2157
      1000    25 12881.7762
      1000    26 15101.8582
      1000    27 14651.0090
      1000    28 13320.0119
      1000    29 14088.3093
      1000    30 14002.6259
      1000    31 14600.6279
      1000    32 15771.3095
      1000    33 16068.2222
      1000    34 15399.4410
      1000    35 14217.7845
      1000    36 14786.6620
      1000    37 14735.3641
      1000    38 12657.0737
      1000    39 14725.8033
      1000    40 13651.2706
        50     1 191053.2222
        50     2 162435.0759
        50     3 182915.8900
        50     4 179136.3992
        50     5 156909.3379
        50     6 166687.3026
        50     7 165073.1168
        50     8 145366.9193
        50     9 142170.4636
        50    10 157831.8500
        50    11 135230.2495
        50    12 121772.2203
        50    13 119039.5952
        50    14 123744.1270
        50    15 102071.3773
        50    16 107331.6236
        50    17 108957.5981
        50    18 97567.0048
        50    19 98474.2110
        50    20 102014.3488
        50    21 80214.2195
        50    22 85986.0739
        50    23 83962.5797
        50    24 85803.7948
        50    25 73591.0843
        50    26 68923.2630
        50    27 64282.5090
        50    28 76053.7035
        50    29 66530.7886
        50    30 69387.2886
        50    31 67132.4729
        50    32 63942.2429
        50    33 61510.9432
        50    34 59285.3870
        50    35 56682.4306
        50    36 58819.5899
        50    37 59198.6406
        50    38 59684.8620
        50    39 58643.0152
        50    40 52725.4736
       100     1 112881.6064
       100     2 94255.6800
       100     3 109190.3795
       100     4 107892.1582
       100     5 121889.0947
       100     6 130485.4961
       100     7 124429.1378
       100     8 133819.2507
       100     9 129741.1402
       100    10 127642.9885
       100    11 105261.6155
       100    12 106500.7436
       100    13 116414.9368
       100    14 105743.6973
       100    15 86607.1815
       100    16 94150.4212
       100    17 86387.5090
       100    18 90695.8156
       100    19 86043.4229
       100    20 72059.3491
       100    21 83007.2559
       100    22 74386.9500
       100    23 77924.6484
       100    24 75368.7972
       100    25 75768.9204
       100    26 77429.1862
       100    27 55833.6699
       100    28 53844.8688
       100    29 51156.7069
       100    30 54590.1214
       100    31 41682.4807
       100    32 56733.4279
       100    33 46369.9378
       100    34 45879.2770
       100    35 45475.8786
       100    36 45500.5709
       100    37 45491.8732
       100    38 50998.8965
       100    39 39366.8066
       100    40 33252.9191
       150     1 44884.8466
       150     2 60697.8888
       150     3 76102.9274
       150     4 81813.7332
       150     5 92976.8885
       150     6 94683.0326
       150     7 95531.8639
       150     8 102698.6262
       150     9 101373.5919
       150    10 92605.5076
       150    11 99998.5480
       150    12 102981.3704
       150    13 96799.3227
       150    14 106424.0086
       150    15 105952.3568
       150    16 85570.9231
       150    17 84377.5064
       150    18 74113.0817
       150    19 76732.6678
       150    20 81415.1000
       150    21 69665.4998
       150    22 87559.6938
       150    23 63250.4780
       150    24 60119.7371
       150    25 61117.3528
       150    26 61488.3793
       150    27 78003.4925
       150    28 62073.5894
       150    29 49205.2196
       150    30 56691.1280
       150    31 54602.7783
       150    32 50923.1066
       150    33 50257.1280
       150    34 63294.4682
       150    35 40904.2332
       150    36 46791.3308
       150    37 40234.2593
       150    38 44594.4117
       150    39 41382.7989
       150    40 40584.5625
       200     1 24447.2998
       200     2 41793.8579
       200     3 39492.5941
       200     4 59927.5371
       200     5 68170.6521
       200     6 71555.8529
       200     7 78517.3352
       200     8 61024.1262
       200     9 55144.4159
       200    10 78175.3254
       200    11 78602.3014
       200    12 52590.7619
       200    13 80659.2897
       200    14 78788.6963
       200    15 56681.2888
       200    16 47760.9093
       200    17 68813.1763
       200    18 69027.5182
       200    19 64148.4311
       200    20 74410.1245
       200    21 50705.2034
       200    22 62077.0759
       200    23 55980.7674
       200    24 52107.9869
       200    25 51237.2536
       200    26 67301.3969
       200    27 49176.9514
       200    28 44509.1429
       200    29 46490.3941
       200    30 47594.8273
       200    31 39278.4051
       200    32 36205.8167
       200    33 35203.6681
       200    34 37784.3827
       200    35 42421.9013
       200    36 34450.8225
       200    37 39105.0062
       200    38 37729.1706
       200    39 41665.2646
       200    40 38967.5765
       250     1 17077.6544
       250     2 28005.4683
       250     3 37335.2620
       250     4 45785.7739
       250     5 48882.2377
       250     6 57678.7401
       250     7 51007.9190
       250     8 54421.8771
       250     9 47080.2545
       250    10 66988.1805
       250    11 63985.7188
       250    12 68040.5441
       250    13 51716.9436
       250    14 63075.6147
       250    15 68159.1141
       250    16 62249.5669
       250    17 58233.7659
       250    18 66112.4268
       250    19 60497.3655
       250    20 57606.2776
       250    21 58398.2166
       250    22 58885.7238
       250    23 53227.5408
       250    24 48909.3039
       250    25 45905.2259
       250    26 52413.3507
       250    27 50196.9618
       250    28 58682.2254
       250    29 47667.8668
       250    30 41844.8315
       250    31 45257.8409
       250    32 39592.6164
       250    33 39828.5337
       250    34 39978.6242
       250    35 50899.2176
       250    36 47867.2777
       250    37 35851.3909
       250    38 29798.4522
       250    39 33200.1547
       250    40 36743.1393
       300     1 11651.3709
       300     2 19350.1252
       300     3 29281.1793
       300     4 34845.7900
       300     5 34480.5609
       300     6 43230.6324
       300     7 43736.4252
       300     8 49587.4163
       300     9 32676.6112
       300    10 57058.9876
       300    11 54671.7527
       300    12 58368.0696
       300    13 57457.1748
       300    14 46598.8410
       300    15 62555.8146
       300    16 59858.1852
       300    17 47260.2456
       300    18 53576.0945
       300    19 63454.1409
       300    20 57780.2446
       300    21 49231.1817
       300    22 47255.8835
       300    23 57529.1744
       300    24 51702.2206
       300    25 52220.3514
       300    26 47836.8676
       300    27 43550.4600
       300    28 38122.0162
       300    29 57568.3610
       300    30 37400.3957
       300    31 45674.4301
       300    32 35794.1724
       300    33 52302.5776
       300    34 35227.9739
       300    35 47111.5978
       300    36 34269.2964
       300    37 33305.2102
       300    38 30639.3433
       300    39 44325.6226
       300    40 30661.4209
       350     1  8948.6062
       350     2 15682.4656
       350     3 19916.6896
       350     4 27835.5542
       350     5 30811.5004
       350     6 30023.9133
       350     7 39548.8429
       350     8 34509.3937
       350     9 28830.2187
       350    10 40436.2139
       350    11 45510.0450
       350    12 48876.2457
       350    13 41149.6782
       350    14 45783.2048
       350    15 49596.8840
       350    16 49885.9542
       350    17 38004.2546
       350    18 49379.5387
       350    19 38671.7605
       350    20 49156.0670
       350    21 47005.7723
       350    22 44013.9880
       350    23 42963.7443
       350    24 50338.3411
       350    25 42222.6157
       350    26 38881.2774
       350    27 33156.4090
       350    28 42354.1020
       350    29 34182.5028
       350    30 44610.7231
       350    31 34582.6522
       350    32 34239.7909
       350    33 32935.0359
       350    34 30194.8637
       350    35 35459.7951
       350    36 32879.1545
       350    37 33170.2062
       350    38 29390.7683
       350    39 30688.8076
       350    40 27702.0072
       400     1  6759.3545
       400     2 12083.5712
       400     3 17815.9693
       400     4 21781.7514
       400     5 24997.1782
       400     6 30345.5230
       400     7 34571.1236
       400     8 29602.9279
       400     9 37341.4913
       400    10 31616.0906
       400    11 34814.4668
       400    12 34961.2540
       400    13 41807.2942
       400    14 40723.7360
       400    15 37105.9323
       400    16 40484.0296
       400    17 47242.2993
       400    18 46357.6034
       400    19 42424.7992
       400    20 38231.8635
       400    21 40199.8402
       400    22 44078.4332
       400    23 39811.5306
       400    24 36993.3569
       400    25 38615.5527
       400    26 43885.5335
       400    27 47895.6528
       400    28 42425.8191
       400    29 43684.8415
       400    30 34660.1276
       400    31 35484.0077
       400    32 31691.5744
       400    33 32327.1152
       400    34 27856.5881
       400    35 29793.7296
       400    36 33061.2044
       400    37 26570.8698
       400    38 28752.6814
       400    39 27632.4295
       400    40 27166.6489
       450     1  5116.8704
       450     2  9705.6891
       450     3 13633.0021
       450     4 16493.9984
       450     5 20714.0689
       450     6 22055.4682
       450     7 27285.8705
       450     8 25167.0966
       450     9 30695.3816
       450    10 28104.3660
       450    11 32026.9420
       450    12 31677.0388
       450    13 32132.3784
       450    14 31109.4344
       450    15 33365.0099
       450    16 32054.2668
       450    17 37522.3382
       450    18 32673.7501
       450    19 43027.3692
       450    20 37098.6846
       450    21 30385.4229
       450    22 32359.5363
       450    23 37747.2952
       450    24 34923.1297
       450    25 37571.2256
       450    26 34033.0893
       450    27 33040.6686
       450    28 31909.6187
       450    29 32351.3629
       450    30 33931.1633
       450    31 31506.9137
       450    32 30315.1470
       450    33 31755.0919
       450    34 27107.0185
       450    35 26643.5057
       450    36 26550.2957
       450    37 25641.6927
       450    38 24945.6828
       450    39 27788.0586
       450    40 31116.5181
       500     1  4248.4822
       500     2  8004.6638
       500     3  9895.9776
       500     4 14031.5317
       500     5 17438.0574
       500     6 17350.3957
       500     7 19403.1186
       500     8 21208.0284
       500     9 24896.4415
       500    10 27384.2960
       500    11 27914.2842
       500    12 25442.7450
       500    13 27391.6755
       500    14 27221.8970
       500    15 29888.9213
       500    16 29461.9144
       500    17 30172.4121
       500    18 28410.5206
       500    19 29189.1869
       500    20 29711.8830
       500    21 33282.5298
       500    22 27330.7577
       500    23 29114.1737
       500    24 33022.9103
       500    25 32808.7613
       500    26 29112.1634
       500    27 33044.5550
       500    28 27111.3017
       500    29 32046.3545
       500    30 34537.3975
       500    31 33315.1333
       500    32 35896.1214
       500    33 32837.0044
       500    34 28177.2809
       500    35 24421.5826
       500    36 23456.7574
       500    37 23089.2759
       500    38 22705.5605
       500    39 30427.7185
       500    40 24417.4854
       550     1  3491.0344
       550     2  4099.4127
       550     3  4906.0157
       550     4  5645.9213
       550     5  6491.5653
       550     6  7466.9299
       550     7  8017.9146
       550     8  8069.7221
       550     9  8589.6754
       550    10  8925.7885
       550    11  8603.1296
       550    12 10218.6834
       550    13 10325.3939
       550    14 10000.1845
       550    15 10023.0189
       550    16 10173.6168
       550    17 11492.8757
       550    18 10894.0543
       550    19 12977.5377
       550    20 13907.1517
       550    21 14778.7568
       550    22 11709.0274
       550    23 11328.5372
       550    24 16350.8393
       550    25 15921.9303
       550    26 15192.9274
       550    27 17196.7153
       550    28 12505.7738
       550    29 12396.8374
       550    30 17896.3951
       550    31 18596.6779
       550    32 13148.5835
       550    33  9558.6805
       550    34 16462.0435
       550    35 12940.5179
       550    36 15539.2609
       550    37 13001.4699
       550    38 13192.8906
       550    39 14160.2975
       550    40 13109.5197
       600     1  3094.1513
       600     2  3796.2664
       600     3  4325.5318
       600     4  4763.5199
       600     5  5645.8138
       600     6  6133.6709
       600     7  7585.0268
       600     8  7343.9281
       600     9  7875.5385
       600    10  8087.4705
       600    11  9550.2378
       600    12  9305.2665
       600    13  9885.4684
       600    14 10068.2061
       600    15  9241.6129
       600    16 11669.8581
       600    17 10221.7089
       600    18 10975.7063
       600    19 10452.0228
       600    20 11518.8045
       600    21 10533.3171
       600    22 11470.0366
       600    23 11283.3400
       600    24 13726.1530
       600    25 10915.6459
       600    26 14084.5606
       600    27 12397.5029
       600    28 10035.1013
       600    29 11899.9651
       600    30 15796.7414
       600    31 12697.7452
       600    32 13897.6927
       600    33 14218.4054
       600    34  9906.8764
       600    35 14903.3140
       600    36 15065.7806
       600    37 12498.3580
       600    38 15584.7244
       600    39 13529.4307
       600    40 11781.8290
       650     1  2669.8746
       650     2  3254.2614
       650     3  4247.1286
       650     4  4817.0478
       650     5  5295.0046
       650     6  5529.8742
       650     7  5936.7130
       650     8  6685.1612
       650     9  6903.0103
       650    10  7532.8043
       650    11  7574.6478
       650    12  7923.0548
       650    13  8093.8704
       650    14  8733.5417
       650    15  9913.5779
       650    16  9140.0034
       650    17 10351.6090
       650    18  9049.1894
       650    19  9967.0266
       650    20 11639.9028
       650    21 10185.8127
       650    22 11881.5194
       650    23 10685.0792
       650    24 13450.9330
       650    25 11678.0206
       650    26 12279.1797
       650    27 13530.8549
       650    28 10813.0734
       650    29 11047.2049
       650    30 10622.1877
       650    31 10940.9053
       650    32 10677.7852
       650    33 11455.7779
       650    34 12854.1991
       650    35 11627.0464
       650    36 13751.8205
       650    37 12134.5270
       650    38 11351.1243
       650    39 12661.8188
       650    40 10889.9122
       700     1  1981.1573
       700     2  2957.6721
       700     3  3794.9801
       700     4  4860.7458
       700     5  4953.4552
       700     6  5193.8150
       700     7  5483.8309
       700     8  5966.6782
       700     9  6295.1185
       700    10  6772.8776
       700    11  7126.7928
       700    12  7900.0745
       700    13  7445.5252
       700    14  8511.9593
       700    15  7322.7129
       700    16  9244.2344
       700    17  9396.1225
       700    18  9225.5740
       700    19  9034.3724
       700    20 10181.7250
       700    21  9881.5425
       700    22 10674.5465
       700    23  9490.3074
       700    24  9928.4447
       700    25  8826.0042
       700    26 10005.7093
       700    27 10800.2878
       700    28 12797.5535
       700    29 10944.3730
       700    30 11986.0638
       700    31 11179.4755
       700    32 10706.9442
       700    33 10866.3821
       700    34 11779.0514
       700    35 13291.9634
       700    36 11395.5043
       700    37 11382.8106
       700    38 11297.5074
       700    39 11386.2082
       700    40 11392.2198
       750     1  1884.2601
       750     2  2610.7310
       750     3  3441.0920
       750     4  3964.1650
       750     5  4606.1935
       750     6  4737.3436
       750     7  5364.4596
       750     8  5691.3567
       750     9  6137.7761
       750    10  6263.2625
       750    11  5995.4398
       750    12  6895.9451
       750    13  6455.3495
       750    14  7223.9650
       750    15  7858.1880
       750    16  8301.8772
       750    17  8407.0347
       750    18  7778.5140
       750    19  7965.9583
       750    20  8383.2317
       750    21  8707.1426
       750    22 10183.1112
       750    23  8749.4346
       750    24 10373.8276
       750    25  8238.4039
       750    26 11259.4690
       750    27 11398.0767
       750    28 11117.2633
       750    29  9700.8237
       750    30  9310.5951
       750    31 10301.9242
       750    32 11230.7094
       750    33 11743.6178
       750    34 11126.0856
       750    35 10395.4670
       750    36 10817.0414
       750    37 10947.2203
       750    38 10498.2980
       750    39 10888.2593
       750    40 12129.4763
       800     1  1729.8495
       800     2  2837.0816
       800     3  3128.7536
       800     4  3925.5674
       800     5  4024.2005
       800     6  4826.0453
       800     7  4859.0243
       800     8  4962.8032
       800     9  5451.4893
       800    10  5865.6414
       800    11  5995.9862
       800    12  6296.6517
       800    13  6731.9538
       800    14  7062.3930
       800    15  7207.3771
       800    16  8393.2517
       800    17  7897.7709
       800    18  8150.0997
       800    19  8099.6572
       800    20  8086.0707
       800    21  8524.1801
       800    22  8488.5525
       800    23  9399.8797
       800    24  9977.0443
       800    25  9282.2173
       800    26  9161.0117
       800    27  9383.3638
       800    28  9478.7777
       800    29  9144.1480
       800    30 11882.8352
       800    31  9760.5146
       800    32 10619.5273
       800    33  9562.8281
       800    34  9541.0347
       800    35 10366.7841
       800    36  9119.3524
       800    37 10756.0572
       800    38 10231.9334
       800    39  7531.7062
       800    40 12280.4856
       850     1  1376.8785
       850     2  2635.4567
       850     3  3051.0125
       850     4  3524.5823
       850     5  4063.2525
       850     6  4321.5303
       850     7  5251.9068
       850     8  4937.6470
       850     9  5375.8236
       850    10  5658.2541
       850    11  6051.3784
       850    12  6038.9247
       850    13  6498.8731
       850    14  6436.2361
       850    15  7027.4313
       850    16  6925.4902
       850    17  7488.9964
       850    18  7176.6999
       850    19  7464.1259
       850    20  7392.7574
       850    21  7845.6014
       850    22  7294.1040
       850    23  8146.3412
       850    24  9337.5329
       850    25  8622.2398
       850    26  7780.0263
       850    27  9643.6795
       850    28  9421.4313
       850    29  8996.1291
       850    30  9390.9548
       850    31  8615.1292
       850    32 10767.9926
       850    33 10697.5750
       850    34 10482.1759
       850    35 10229.6411
       850    36  9376.1270
       850    37  9235.8310
       850    38  9980.6490
       850    39  9581.9574
       850    40 10454.0087
       900     1  1413.0878
       900     2  2090.0489
       900     3  3048.2194
       900     4  3433.6107
       900     5  3719.9787
       900     6  4359.7732
       900     7  4435.3466
       900     8  5095.5848
       900     9  4900.4815
       900    10  5081.0437
       900    11  5709.9894
       900    12  5446.9428
       900    13  5753.3293
       900    14  6467.6121
       900    15  5910.7709
       900    16  6181.6147
       900    17  6990.9779
       900    18  7186.1067
       900    19  6914.4477
       900    20  7724.9692
       900    21  7161.9255
       900    22  7324.5848
       900    23  7771.1502
       900    24  7080.8860
       900    25  7787.4296
       900    26  8701.1222
       900    27  8159.1578
       900    28  7278.3154
       900    29  9341.5497
       900    30  9222.2226
       900    31  9105.5670
       900    32  9720.1080
       900    33 10150.8987
       900    34  9723.3663
       900    35  8426.2641
       900    36 10084.5778
       900    37  8363.4830
       900    38  9167.5401
       900    39  9028.7417
       900    40  9453.3818
       950     1  1248.2416
       950     2  2132.7552
       950     3  2663.9132
       950     4  3082.6958
       950     5  3318.2104
       950     6  3915.0441
       950     7  4302.4249
       950     8  4526.8477
       950     9  4784.5285
       950    10  4875.6320
       950    11  5011.9661
       950    12  5064.9451
       950    13  5552.0225
       950    14  5822.2863
       950    15  5848.6595
       950    16  6323.2829
       950    17  6005.8336
       950    18  6599.7755
       950    19  6715.6364
       950    20  6882.8402
       950    21  6952.9067
       950    22  6871.5509
       950    23  7448.2109
       950    24  7357.7795
       950    25  7633.4159
       950    26  8797.7481
       950    27  7313.0418
       950    28  7808.6189
       950    29  7898.0769
       950    30  7988.0939
       950    31  8046.0430
       950    32  9002.4891
       950    33  9008.3127
       950    34  8805.5097
       950    35  9198.1825
       950    36  9158.6662
       950    37  9035.8765
       950    38  9972.8425
       950    39  8303.8305
       950    40 10301.6551
      1000     1  1147.4475
      1000     2  1983.7327
      1000     3  2308.5290
      1000     4  2925.9356
      1000     5  3193.9829
      1000     6  3684.5682
      1000     7  3891.7903
      1000     8  4227.8441
      1000     9  4174.7034
      1000    10  4552.3047
      1000    11  4873.6905
      1000    12  5192.0786
      1000    13  5189.3680
      1000    14  5868.3449
      1000    15  5309.0920
      1000    16  5588.2616
      1000    17  5945.5851
      1000    18  6743.9628
      1000    19  5691.7892
      1000    20  6805.7390
      1000    21  6598.5511
      1000    22  6856.9077
      1000    23  6839.7848
      1000    24  6700.1271
      1000    25  7552.3676
      1000    26  6784.0074
      1000    27  7622.3108
      1000    28  7005.7631
      1000    29  8347.0747
      1000    30  8159.6448
      1000    31  8758.1538
      1000    32  8941.9784
      1000    33  7355.3460
      1000    34  7326.7529
      1000    35  8208.7495
      1000    36  7913.2856
      1000    37  8137.4639
      1000    38  7628.1709
      1000    39  8317.5702
      1000    40  7585.3565
      1050     1   918.3068
      1050     2  1398.8591
      1050     3  1751.5661
      1050     4  2130.5437
      1050     5  2415.4966
      1050     6  2577.8252
      1050     7  2698.4156
      1050     8  3097.0601
      1050     9  3157.3647
      1050    10  3346.5333
      1050    11  3510.4659
      1050    12  3427.0374
      1050    13  3693.3643
      1050    14  3842.7986
      1050    15  4109.1993
      1050    16  4408.6052
      1050    17  4617.4810
      1050    18  4179.3727
      1050    19  4990.1420
      1050    20  4765.5107
      1050    21  4616.6826
      1050    22  5582.4138
      1050    23  5334.3015
      1050    24  5965.0684
      1050    25  6111.8500
      1050    26  5825.4452
      1050    27  5791.4812
      1050    28  6326.3632
      1050    29  5528.2760
      1050    30  6495.5340
      1050    31  6142.5507
      1050    32  6055.8931
      1050    33  7093.6249
      1050    34  6583.6460
      1050    35  6112.0387
      1050    36  6976.0912
      1050    37  7102.8851
      1050    38  6374.6312
      1050    39  7528.8364
      1050    40  4741.9673
      1100     1   955.5736
      1100     2  1561.3398
      1100     3  1693.3388
      1100     4  2127.8755
      1100     5  2166.9108
      1100     6  2393.4451
      1100     7  2542.1242
      1100     8  2739.5257
      1100     9  2990.1137
      1100    10  3063.9253
      1100    11  3152.2593
      1100    12  3567.5504
      1100    13  3444.5814
      1100    14  3859.6636
      1100    15  3772.1099
      1100    16  3070.3203
      1100    17  4280.1803
      1100    18  4350.5047
      1100    19  4328.1145
      1100    20  4798.3438
      1100    21  4114.2655
      1100    22  4743.7417
      1100    23  5227.5306
      1100    24  4964.0762
      1100    25  5055.0454
      1100    26  5384.0696
      1100    27  4815.8946
      1100    28  5874.3555
      1100    29  5643.2593
      1100    30  5474.9677
      1100    31  6078.6242
      1100    32  5294.1756
      1100    33  6181.6927
      1100    34  6220.0830
      1100    35  5031.9706
      1100    36  6105.3874
      1100    37  5780.4778
      1100    38  6180.1141
      1100    39  6306.9044
      1100    40  5471.7164
      1150     1   774.5247
      1150     2  1234.7857
      1150     3  1628.0766
      1150     4  2062.6369
      1150     5  2092.2838
      1150     6  2264.7739
      1150     7  2459.3181
      1150     8  2642.4488
      1150     9  2746.6586
      1150    10  2902.0040
      1150    11  3028.2574
      1150    12  3331.4096
      1150    13  3467.5865
      1150    14  3719.0406
      1150    15  3523.5826
      1150    16  3938.8626
      1150    17  3871.8105
      1150    18  4107.1982
      1150    19  4366.6761
      1150    20  4311.2976
      1150    21  4484.5271
      1150    22  4656.4486
      1150    23  4881.9596
      1150    24  4721.3861
      1150    25  4700.1252
      1150    26  5275.0659
      1150    27  5583.3411
      1150    28  5535.3779
      1150    29  5533.1576
      1150    30  5710.0397
      1150    31  5544.9020
      1150    32  4763.3875
      1150    33  5614.6787
      1150    34  5392.9160
      1150    35  5767.3839
      1150    36  6308.5134
      1150    37  5577.2570
      1150    38  6503.9639
      1150    39  5391.5151
      1150    40  6432.6168
      1200     1   774.9039
      1200     2  1188.6105
      1200     3  1525.6290
      1200     4  1758.1924
      1200     5  2100.4547
      1200     6  2327.8127
      1200     7  2397.7034
      1200     8  2545.6313
      1200     9  2840.1125
      1200    10  2937.3645
      1200    11  3055.1395
      1200    12  3198.3247
      1200    13  3342.7276
      1200    14  3169.4941
      1200    15  3517.6880
      1200    16  3607.5119
      1200    17  3807.8109
      1200    18  3928.2241
      1200    19  3813.5897
      1200    20  4456.2261
      1200    21  4180.3970
      1200    22  4070.4429
      1200    23  4654.5513
      1200    24  4718.4011
      1200    25  4310.6243
      1200    26  4643.1690
      1200    27  4805.8220
      1200    28  5418.3564
      1200    29  5288.0275
      1200    30  4688.4370
      1200    31  4820.7073
      1200    32  5495.6445
      1200    33  5193.0166
      1200    34  4810.4525
      1200    35  5593.0639
      1200    36  6019.0440
      1200    37  5421.0723
      1200    38  6020.9767
      1200    39  5502.0730
      1200    40  5395.1645
      1250     1   706.3307
      1250     2  1111.8180
      1250     3  1391.0203
      1250     4  1813.7642
      1250     5  1872.0723
      1250     6  2101.3746
      1250     7  2356.8911
      1250     8  2410.3331
      1250     9  2558.1927
      1250    10  2955.2430
      1250    11  3028.4099
      1250    12  2905.9658
      1250    13  3162.1019
      1250    14  3292.1272
      1250    15  3374.3301
      1250    16  3504.2675
      1250    17  3565.5265
      1250    18  3687.9979
      1250    19  3978.4032
      1250    20  4063.2933
      1250    21  3891.6464
      1250    22  4197.3988
      1250    23  4143.5690
      1250    24  4672.0785
      1250    25  4373.4872
      1250    26  3947.6558
      1250    27  4015.0139
      1250    28  4792.0731
      1250    29  4676.4373
      1250    30  4742.9357
      1250    31  4667.3958
      1250    32  4795.5066
      1250    33  4838.7627
      1250    34  5674.1822
      1250    35  5119.0528
      1250    36  4973.7800
      1250    37  4473.4091
      1250    38  5702.6838
      1250    39  5437.8396
      1250    40  5223.3469
      1300     1   643.8082
      1300     2  1013.2175
      1300     3  1336.5472
      1300     4  1635.1996
      1300     5  1821.0613
      1300     6  1778.0352
      1300     7  2209.1950
      1300     8  2331.2606
      1300     9  2574.4288
      1300    10  2593.6428
      1300    11  2621.4271
      1300    12  2880.4262
      1300    13  2927.6440
      1300    14  3147.2052
      1300    15  3098.2500
      1300    16  3458.6699
      1300    17  3666.8110
      1300    18  3521.5057
      1300    19  3623.0947
      1300    20  3754.4811
      1300    21  3667.4119
      1300    22  3985.8442
      1300    23  3794.1466
      1300    24  4221.7205
      1300    25  3860.4494
      1300    26  4261.7281
      1300    27  4386.8313
      1300    28  4408.5963
      1300    29  4303.7571
      1300    30  4319.9758
      1300    31  4077.9322
      1300    32  4409.8372
      1300    33  3918.6353
      1300    34  5149.4435
      1300    35  4995.4132
      1300    36  4798.6176
      1300    37  5054.2143
      1300    38  5186.3683
      1300    39  4964.6687
      1300    40  4583.8770
      1350     1   589.8165
      1350     2   998.8797
      1350     3  1318.3252
      1350     4  1670.4071
      1350     5  1711.6045
      1350     6  1989.0296
      1350     7  2252.5276
      1350     8  2286.3767
      1350     9  2336.4450
      1350    10  2590.6060
      1350    11  2546.0286
      1350    12  2859.1370
      1350    13  3046.5278
      1350    14  2846.2975
      1350    15  3185.6343
      1350    16  3118.9372
      1350    17  3180.0586
      1350    18  3315.2727
      1350    19  3634.0990
      1350    20  3459.4092
      1350    21  3431.2408
      1350    22  3673.2723
      1350    23  3988.0820
      1350    24  3852.3885
      1350    25  4294.1896
      1350    26  3797.1588
      1350    27  4041.7745
      1350    28  4417.7994
      1350    29  4105.9747
      1350    30  5035.7762
      1350    31  4626.9833
      1350    32  4125.4519
      1350    33  4742.6971
      1350    34  4203.7447
      1350    35  4225.8504
      1350    36  4096.6399
      1350    37  5335.2981
      1350    38  4646.2842
      1350    39  5231.5043
      1350    40  4859.1911
      1400     1   538.0377
      1400     2   921.6856
      1400     3  1235.3729
      1400     4  1496.1121
      1400     5  1737.9841
      1400     6  1880.2899
      1400     7  2023.9355
      1400     8  2104.1534
      1400     9  2403.7388
      1400    10  2604.3676
      1400    11  2504.7738
      1400    12  2560.3747
      1400    13  2997.6229
      1400    14  2779.0741
      1400    15  3105.3728
      1400    16  3103.4641
      1400    17  3163.5017
      1400    18  3304.8192
      1400    19  3296.7106
      1400    20  3764.5670
      1400    21  3455.7952
      1400    22  3551.7129
      1400    23  3596.0083
      1400    24  3433.6706
      1400    25  3695.5782
      1400    26  3663.9021
      1400    27  3771.8901
      1400    28  4210.5199
      1400    29  3893.5468
      1400    30  3734.5422
      1400    31  4506.2605
      1400    32  3968.2869
      1400    33  4495.9585
      1400    34  4401.9318
      1400    35  4159.0985
      1400    36  3846.1954
      1400    37  4923.6109
      1400    38  4975.0630
      1400    39  5055.8134
      1400    40  4781.1697
      1450     1   525.5981
      1450     2   858.0094
      1450     3  1201.0523
      1450     4  1421.1339
      1450     5  1573.2687
      1450     6  1765.2913
      1450     7  1912.1650
      1450     8  2151.3419
      1450     9  2422.3729
      1450    10  2306.1679
      1450    11  2409.5998
      1450    12  2508.9331
      1450    13  2573.1992
      1450    14  2877.7199
      1450    15  2808.8568
      1450    16  3110.0692
      1450    17  3111.7246
      1450    18  2976.0610
      1450    19  3373.4773
      1450    20  3519.7938
      1450    21  3576.2496
      1450    22  3224.9607
      1450    23  3865.7578
      1450    24  3570.2792
      1450    25  3677.9351
      1450    26  4055.6239
      1450    27  4171.0887
      1450    28  3682.9051
      1450    29  3845.6039
      1450    30  4286.4275
      1450    31  3687.6998
      1450    32  3780.2650
      1450    33  4001.3517
      1450    34  3686.9113
      1450    35  3885.6501
      1450    36  4569.2182
      1450    37  4435.2180
      1450    38  4401.7386
      1450    39  4152.5696
      1450    40  4181.1395
      1500     1   455.3047
      1500     2   802.9351
      1500     3  1075.2110
      1500     4  1419.7144
      1500     5  1502.4848
      1500     6  1766.9335
      1500     7  1946.4317
      1500     8  2148.0545
      1500     9  2232.1388
      1500    10  2297.8369
      1500    11  2553.8447
      1500    12  2535.5658
      1500    13  2490.1626
      1500    14  2669.1337
      1500    15  2644.4386
      1500    16  2863.5007
      1500    17  2957.1288
      1500    18  2930.4657
      1500    19  3279.6365
      1500    20  3266.5818
      1500    21  3152.3903
      1500    22  3415.7687
      1500    23  3199.7457
      1500    24  3616.5553
      1500    25  3548.3065
      1500    26  3644.3766
      1500    27  3979.5595
      1500    28  3760.7348
      1500    29  4129.8097
      1500    30  3928.8876
      1500    31  3801.4851
      1500    32  4201.5839
      1500    33  4235.6285
      1500    34  3605.5882
      1500    35  3849.6238
      1500    36  4609.3982
      1500    37  4646.3328
      1500    38  4010.1148
      1500    39  3858.2285
      1500    40  4406.6254
      1550     1   484.9932
      1550     2   727.7538
      1550     3  1111.9785
      1550     4  1255.7610
      1550     5  1496.9690
      1550     6  1670.8042
      1550     7  1919.4649
      1550     8  1889.8564
      1550     9  2249.1640
      1550    10  2385.3219
      1550    11  2340.6964
      1550    12  2390.2627
      1550    13  2417.4772
      1550    14  2787.6642
      1550    15  2607.8717
      1550    16  2610.1841
      1550    17  3059.8903
      1550    18  2831.0133
      1550    19  2796.8213
      1550    20  3269.0553
      1550    21  3067.7256
      1550    22  3248.2324
      1550    23  3071.0602
      1550    24  3356.6470
      1550    25  3168.0306
      1550    26  3652.5125
      1550    27  3840.3481
      1550    28  3450.6601
      1550    29  3506.3857
      1550    30  3980.2533
      1550    31  3627.0240
      1550    32  3754.7831
      1550    33  3487.5035
      1550    34  3570.4215
      1550    35  4127.1708
      1550    36  4264.9518
      1550    37  3719.9305
      1550    38  3491.5861
      1550    39  4239.8045
      1550    40  4049.6930
      1600     1   454.2205
      1600     2   708.1008
      1600     3  1009.5507
      1600     4  1198.3420
      1600     5  1433.9122
      1600     6  1592.1850
      1600     7  1722.7367
      1600     8  1876.6527
      1600     9  2033.4927
      1600    10  2057.1460
      1600    11  2196.2630
      1600    12  2350.6649
      1600    13  2384.8301
      1600    14  2542.6394
      1600    15  2518.2236
      1600    16  2856.3828
      1600    17  2854.6706
      1600    18  2868.8171
      1600    19  2836.7734
      1600    20  2997.5044
      1600    21  3051.5398
      1600    22  3300.3508
      1600    23  3204.6648
      1600    24  3441.1952
      1600    25  3193.6731
      1600    26  3513.9345
      1600    27  3324.6187
      1600    28  3604.1342
      1600    29  3753.0319
      1600    30  3476.7133
      1600    31  3662.2461
      1600    32  3928.4025
      1600    33  3846.8291
      1600    34  3601.9968
      1600    35  3814.3297
      1600    36  3560.1046
      1600    37  3902.3088
      1600    38  4164.9212
      1600    39  3480.3550
      1600    40  3908.0831
      1650     1   405.5364
      1650     2   690.9144
      1650     3   987.7723
      1650     4  1138.1053
      1650     5  1338.6772
      1650     6  1543.3244
      1650     7  1667.2597
      1650     8  1799.0573
      1650     9  1860.4965
      1650    10  2060.6599
      1650    11  2189.6128
      1650    12  2273.0509
      1650    13  2312.7153
      1650    14  2454.6468
      1650    15  2482.4120
      1650    16  2471.9501
      1650    17  2665.1002
      1650    18  2643.8310
      1650    19  2726.8572
      1650    20  2847.2115
      1650    21  2936.1337
      1650    22  3054.2521
      1650    23  2941.1760
      1650    24  3317.6025
      1650    25  3198.2070
      1650    26  3221.4111
      1650    27  3345.3342
      1650    28  3646.9580
      1650    29  3520.9070
      1650    30  3245.0756
      1650    31  3592.5625
      1650    32  3708.2893
      1650    33  3530.8949
      1650    34  3610.9713
      1650    35  3394.4088
      1650    36  3782.6820
      1650    37  3809.1703
      1650    38  3356.5798
      1650    39  3502.9181
      1650    40  4216.5534
      1700     1   379.9688
      1700     2   669.2863
      1700     3   859.5993
      1700     4  1160.2960
      1700     5  1298.5076
      1700     6  1459.7573
      1700     7  1593.3340
      1700     8  1737.6068
      1700     9  1830.6892
      1700    10  2158.6195
      1700    11  2084.8079
      1700    12  2136.7282
      1700    13  2271.8633
      1700    14  2347.9083
      1700    15  2352.4109
      1700    16  2591.0446
      1700    17  2532.5856
      1700    18  2557.6920
      1700    19  2684.1762
      1700    20  2766.7014
      1700    21  2787.6335
      1700    22  2820.5914
      1700    23  2773.2068
      1700    24  2899.4007
      1700    25  3009.7403
      1700    26  3093.5102
      1700    27  3136.3450
      1700    28  3212.3956
      1700    29  3387.8693
      1700    30  3282.2244
      1700    31  3149.1711
      1700    32  3478.3976
      1700    33  3557.4230
      1700    34  3449.4154
      1700    35  3381.6134
      1700    36  3415.0961
      1700    37  3359.7860
      1700    38  3486.2698
      1700    39  3674.8025
      1700    40  3826.6135
      1750     1   354.8146
      1750     2   677.3560
      1750     3   755.7048
      1750     4  1030.7313
      1750     5  1252.4559
      1750     6  1406.6190
      1750     7  1505.8033
      1750     8  1666.9122
      1750     9  1875.8064
      1750    10  1890.2398
      1750    11  1989.6656
      1750    12  2072.2428
      1750    13  2255.1898
      1750    14  2233.5770
      1750    15  2304.8521
      1750    16  2358.5618
      1750    17  2428.4185
      1750    18  2503.7272
      1750    19  2585.9361
      1750    20  2607.8432
      1750    21  2811.8573
      1750    22  2709.1729
      1750    23  2940.3745
      1750    24  2875.9867
      1750    25  2990.8742
      1750    26  2947.5206
      1750    27  3047.3131
      1750    28  3063.0788
      1750    29  3092.5664
      1750    30  3072.7281
      1750    31  3200.7311
      1750    32  3298.5472
      1750    33  3178.8057
      1750    34  3262.3676
      1750    35  3570.1350
      1750    36  3481.0363
      1750    37  3399.3203
      1750    38  3406.9817
      1750    39  3437.8992
      1750    40  3320.6964
      1800     1   331.4039
      1800     2   608.1472
      1800     3   780.3920
      1800     4  1061.6082
      1800     5  1222.4642
      1800     6  1368.5764
      1800     7  1449.5452
      1800     8  1640.4926
      1800     9  1770.9034
      1800    10  1869.5816
      1800    11  2015.0042
      1800    12  2024.1751
      1800    13  2191.5602
      1800    14  2353.9546
      1800    15  2496.5172
      1800    16  2325.8696
      1800    17  2362.7975
      1800    18  2699.9964
      1800    19  2763.0931
      1800    20  2898.7442
      1800    21  2587.5861
      1800    22  2655.5247
      1800    23  2886.6925
      1800    24  2795.0278
      1800    25  2772.0363
      1800    26  2836.2266
      1800    27  2775.0313
      1800    28  2901.2598
      1800    29  3020.4578
      1800    30  2994.1726
      1800    31  3055.3692
      1800    32  3158.9832
      1800    33  3321.3046
      1800    34  3042.0193
      1800    35  3452.4281
      1800    36  3356.1822
      1800    37  3397.2525
      1800    38  3586.9295
      1800    39  3443.4983
      1800    40  3639.0802
      1850     1   312.3097
      1850     2   585.7906
      1850     3   757.4146
      1850     4   984.9271
      1850     5  1141.0950
      1850     6  1335.6463
      1850     7  1429.6899
      1850     8  1546.4564
      1850     9  1685.4865
      1850    10  1773.4326
      1850    11  1854.8850
      1850    12  2063.0491
      1850    13  2083.8816
      1850    14  2102.9787
      1850    15  2214.2040
      1850    16  2307.4597
      1850    17  2292.2369
      1850    18  2381.5758
      1850    19  2452.2118
      1850    20  2787.0717
      1850    21  2574.9616
      1850    22  2593.7194
      1850    23  2702.5125
      1850    24  2777.9353
      1850    25  2694.5295
      1850    26  2895.8712
      1850    27  2863.7757
      1850    28  2946.1142
      1850    29  2985.0982
      1850    30  3024.0200
      1850    31  3083.2894
      1850    32  3264.2090
      1850    33  3234.2488
      1850    34  2988.1304
      1850    35  3145.6833
      1850    36  3021.3560
      1850    37  3092.2510
      1850    38  3408.4711
      1850    39  3413.1334
      1850    40  3329.9171
      1900     1   296.0981
      1900     2   532.0787
      1900     3   709.6441
      1900     4   963.6486
      1900     5  1075.0959
      1900     6  1293.0472
      1900     7  1362.8244
      1900     8   996.7350
      1900     9  1628.1694
      1900    10  1751.5879
      1900    11  1920.3363
      1900    12  1935.9692
      1900    13  2005.4803
      1900    14  2165.7752
      1900    15  2262.4124
      1900    16  2180.1562
      1900    17  2264.4128
      1900    18  2403.5326
      1900    19  2367.4144
      1900    20  2398.2192
      1900    21  2509.6519
      1900    22  2489.1347
      1900    23  2547.8908
      1900    24  2702.5046
      1900    25  2691.9904
      1900    26  2897.7470
      1900    27  2894.0968
      1900    28  2807.7765
      1900    29  2888.3100
      1900    30  2870.0161
      1900    31  2917.7571
      1900    32  3115.2737
      1900    33  3019.8373
      1900    34  3232.2084
      1900    35  2995.1915
      1900    36  3166.7560
      1900    37  2972.2953
      1900    38  3265.2039
      1900    39  3117.0605
      1900    40  3265.4764
      1950     1   285.5575
      1950     2   500.3685
      1950     3   674.5266
      1950     4   921.9425
      1950     5  1075.6978
      1950     6  1239.3047
      1950     7  1347.1942
      1950     8  1484.3581
      1950     9  1621.1787
      1950    10  1663.2979
      1950    11  1785.3189
      1950    12  1894.4742
      1950    13  2001.5855
      1950    14  2039.8364
      1950    15  2099.6717
      1950    16  2159.0547
      1950    17  2153.0079
      1950    18  2281.5965
      1950    19  2252.4842
      1950    20  2331.8644
      1950    21  2408.5843
      1950    22  2510.3901
      1950    23  2581.1122
      1950    24  2530.3614
      1950    25  2822.0472
      1950    26  2665.3161
      1950    27  2612.1321
      1950    28  2668.5292
      1950    29  2712.6639
      1950    30  2781.1372
      1950    31  2762.8024
      1950    32  2850.7104
      1950    33  2939.4578
      1950    34  3073.1146
      1950    35  2801.0949
      1950    36  3049.6702
      1950    37  3012.4166
      1950    38  3390.6669
      1950    39  3099.1769
      1950    40  3532.9562
      2000     1   271.4097
      2000     2   487.0531
      2000     3   643.1503
      2000     4   868.2585
      2000     5  1019.9101
      2000     6  1139.9500
      2000     7  1333.2301
      2000     8  1460.8365
      2000     9  1538.9633
      2000    10  1697.2854
      2000    11  1767.5533
      2000    12  1939.5546
      2000    13  1857.4405
      2000    14  1924.1651
      2000    15  1933.6981
      2000    16  2227.6339
      2000    17  2152.2678
      2000    18  2348.6160
      2000    19  2270.1312
      2000    20  2351.6038
      2000    21  2378.4032
      2000    22  2407.9267
      2000    23  2467.5390
      2000    24  2525.5065
      2000    25  2594.1863
      2000    26  2435.5820
      2000    27  2798.2402
      2000    28  2685.8906
      2000    29  2754.2689
      2000    30  2732.5079
      2000    31  2839.7675
      2000    32  2806.7567
      2000    33  2955.8164
      2000    34  2888.7169
      2000    35  3087.3197
      2000    36  2890.2515
      2000    37  2980.3724
      2000    38  3218.3164
      2000    39  3116.1368
      2000    40  3076.7744
