       100     1 78760.4951
       100     2 47906.3484
       100     3 42162.5887
       100     4 36139.5742
       100     5 32757.1667
       100     6 31597.4072
       100     7 27965.9620
       100     8 23774.4928
       100     9 22036.0944
       100    10 20304.1632
       100    11 25936.0069
       100    12 21789.3236
       100    13 22131.0534
       100    14 19733.8785
       100    15 22663.4948
       100    16 19743.5542
       100    17 19863.2684
       100    18 18748.7770
       100    19 17193.7469
       100    20 15736.5354
       100    21 17143.0705
       100    22 17744.5397
       100    23 17681.1554
       100    24 15119.2956
       100    25 16484.2176
       100    26 13029.8427
       100    27 13219.4977
       100    28 13193.0350
       100    29 12757.8293
       100    30 12818.5818
       100    31 10476.6109
       100    32 13510.3755
       100    33  9973.6881
       100    34 10645.8336
       100    35 10713.4793
       100    36 10977.6469
       100    37 10782.2278
       100    38  9355.7511
       100    39 10249.3034
       100    40  8190.3903
       200     1 22373.9733
       200     2 19888.7981
       200     3 10513.6135
       200     4 11163.3676
       200     5 12922.7361
       200     6 11969.8996
       200     7 10120.9974
       200     8 12494.3648
       200     9 10550.6782
       200    10  6467.9182
       200    11 11701.5633
       200    12 11468.4442
       200    13  9845.6405
       200    14 10428.6367
       200    15  8825.0475
       200    16  4251.8139
       200    17  8597.4749
       200    18  7981.4396
       200    19  8636.4430
       200    20  7166.2534
       200    21  8182.3371
       200    22  7890.5134
       200    23  7551.2879
       200    24  7607.1774
       200    25  6951.4772
       200    26  6633.2416
       200    27  6393.7183
       200    28  6065.4380
       200    29  5814.0765
       200    30  5386.3474
       200    31  5158.4006
       200    32  4771.1555
       200    33  4624.6905
       200    34  4742.8477
       200    35  5265.3321
       200    36  4671.5954
       200    37  4712.6947
       200    38  4359.0531
       200    39  4694.4758
       200    40  4596.4274
       300     1  9463.6370
       300     2 10149.9783
       300     3  4057.6975
       300     4  7526.2418
       300     5  4520.9029
       300     6  3131.0270
       300     7  4805.4436
       300     8  3804.7525
       300     9  3855.1680
       300    10  3570.6458
       300    11  3809.5361
       300    12  4652.7911
       300    13  4585.1000
       300    14  3806.3594
       300    15  4691.1633
       300    16  2426.6999
       300    17  4099.7818
       300    18  3947.2051
       300    19  3554.0335
       300    20  3523.6784
       300    21  3618.3959
       300    22  3730.1022
       300    23  3446.9700
       300    24  3167.1200
       300    25  2930.3573
       300    26  3226.5639
       300    27  3123.1244
       300    28  3176.2204
       300    29  3013.8190
       300    30  2649.3848
       300    31  2769.6100
       300    32  1196.6238
       300    33  2317.1251
       300    34  2551.1139
       300    35  2543.9514
       300    36  1733.0907
       300    37  2449.7966
       300    38  1785.9183
       300    39  2159.3040
       300    40  2142.9110
       400     1  5402.7704
       400     2  5710.0882
       400     3  3253.2303
       400     4  2752.7797
       400     5  2399.4197
       400     6  2002.9873
       400     7  2188.7721
       400     8  2077.7562
       400     9  2061.2460
       400    10  2241.7497
       400    11  2388.5799
       400    12  1451.8798
       400    13  2052.5441
       400    14  2158.0129
       400    15  2013.0109
       400    16  1710.9954
       400    17  1237.4164
       400    18  1567.8476
       400    19  1229.6279
       400    20   837.9351
       400    21  1600.5003
       400    22   981.9502
       400    23  1603.7244
       400    24  1830.5154
       400    25  1021.7141
       400    26  1054.7115
       400    27   834.0566
       400    28   971.8029
       400    29   761.9136
       400    30   829.0970
       400    31  1401.0908
       400    32   544.6832
       400    33  1306.8600
       400    34   708.6986
       400    35   579.4883
       400    36  1055.5279
       400    37  1078.1475
       400    38   965.4025
       400    39   945.1956
       400    40   512.0568
       500     1  3676.2515
       500     2  2054.4282
       500     3  2189.8481
       500     4  1552.7641
       500     5  1022.3569
       500     6  1417.9117
       500     7  1171.8700
       500     8  1154.4966
       500     9  1076.6577
       500    10  1088.2157
       500    11  1266.6007
       500    12  1079.1505
       500    13   791.7682
       500    14   955.6423
       500    15   955.1510
       500    16  1081.1596
       500    17   579.6212
       500    18   573.8822
       500    19   653.8777
       500    20   608.8352
       500    21   913.9793
       500    22   418.2437
       500    23   949.0501
       500    24   445.3751
       500    25   676.1849
       500    26   311.1387
       500    27   632.8009
       500    28   589.9616
       500    29   340.4647
       500    30   564.6340
       500    31   373.1075
       500    32   618.0735
       500    33   261.3526
       500    34   335.7303
       500    35   285.0995
       500    36   253.0701
       500    37   539.4122
       500    38   221.2066
       500    39   240.1752
       500    40   410.2006
       600     1  2488.3496
       600     2  2376.0681
       600     3  1548.8398
       600     4  1405.5360
       600     5  1150.8163
       600     6  1139.8337
       600     7  1237.0673
       600     8  1053.9628
       600     9   829.9242
       600    10  1078.7481
       600    11   963.9555
       600    12   896.9180
       600    13   986.1232
       600    14   475.1738
       600    15   419.2838
       600    16   686.8849
       600    17   652.0466
       600    18   375.7593
       600    19   483.9281
       600    20   681.8164
       600    21   623.2533
       600    22   404.9992
       600    23   254.0445
       600    24   431.7069
       600    25   243.1193
       600    26   400.1741
       600    27   361.2240
       600    28   412.4590
       600    29   316.5112
       600    30   365.2952
       600    31   148.1084
       600    32   137.6159
       600    33   291.0543
       600    34   254.5007
       600    35   263.8092
       600    36   134.9348
       600    37   113.6035
       600    38   120.9716
       600    39   229.1295
       600    40    99.4782
       700     1  1899.7975
       700     2  1216.4743
       700     3   927.5158
       700     4   846.2816
       700     5   763.7757
       700     6   804.3742
       700     7   547.1396
       700     8   596.5551
       700     9   648.3575
       700    10   530.0898
       700    11   723.5859
       700    12   351.3652
       700    13   344.4964
       700    14   375.1894
       700    15   369.2541
       700    16   497.7895
       700    17   451.5223
       700    18   484.1353
       700    19   250.6211
       700    20   216.1351
       700    21   457.4114
       700    22   409.4076
       700    23   171.2446
       700    24   181.6391
       700    25   287.3003
       700    26   148.8073
       700    27   314.7975
       700    28   250.3036
       700    29   273.1242
       700    30   109.1241
       700    31   190.9548
       700    32    95.6680
       700    33   195.4644
       700    34   177.1101
       700    35   182.1793
       700    36   172.5645
       700    37    88.4476
       700    38    84.9243
       700    39   166.2403
       700    40   145.8742
       800     1  1409.8577
       800     2  1373.8585
       800     3   521.3784
       800     4   702.3744
       800     5   445.2012
       800     6   441.7600
       800     7   351.8320
       800     8   325.0881
       800     9   402.5881
       800    10   422.7948
       800    11   367.7119
       800    12   329.9921
       800    13   237.1172
       800    14   426.2720
       800    15   196.1310
       800    16   261.8351
       800    17   389.4332
       800    18   176.3512
       800    19   131.1393
       800    20   109.1690
       800    21   330.6254
       800    22   253.8070
       800    23   278.4891
       800    24   137.1998
       800    25   226.4653
       800    26   234.4273
       800    27   223.9623
       800    28    93.3305
       800    29    81.6875
       800    30    85.0895
       800    31   164.4161
       800    32    56.2639
       800    33   144.2319
       800    34   163.4330
       800    35    68.2868
       800    36   136.8211
       800    37   140.8281
       800    38   142.7607
       800    39    70.8828
       800    40   110.7176
       900     1  1065.8721
       900     2   891.1921
       900     3   556.6441
       900     4   524.7387
       900     5   416.4552
       900     6   318.3342
       900     7   443.2452
       900     8   376.2822
       900     9   230.0075
       900    10   221.9530
       900    11   332.4204
       900    12   232.8750
       900    13   186.1013
       900    14   272.9271
       900    15   125.9543
       900    16   287.5811
       900    17   225.6688
       900    18   191.4029
       900    19   217.0989
       900    20    72.0716
       900    21    99.6904
       900    22    83.1093
       900    23   176.9492
       900    24    76.6923
       900    25    74.6040
       900    26   146.0614
       900    27   127.4839
       900    28    75.4329
       900    29    65.7627
       900    30    59.6755
       900    31   114.8325
       900    32    57.3023
       900    33    59.0816
       900    34    63.6217
       900    35    62.2494
       900    36    96.6611
       900    37    42.5389
       900    38    53.2805
       900    39   116.9478
       900    40   103.8266
      1000     1   906.5539
      1000     2   894.0355
      1000     3   317.7396
      1000     4   439.9796
      1000     5   308.0994
      1000     6   310.5645
      1000     7   236.3547
      1000     8   190.8675
      1000     9   193.0072
        50     1 189187.0948
        50     2 105728.4678
        50     3 79316.3477
        50     4 67065.2183
        50     5 53503.2940
        50     6 49292.3001
        50     7 53430.5816
        50     8 52334.9730
        50     9 46692.0748
        50    10 47660.6781
        50    11 45690.6916
        50    12 48727.5640
        50    13 45500.9680
        50    14 45351.0901
        50    15 43057.4644
        50    16 43083.9409
        50    17 36825.8883
        50    18 38221.9571
        50    19 36304.0605
        50    20 34853.0531
        50    21 34622.6770
        50    22 33249.3322
        50    23 33297.3198
        50    24 35396.1507
        50    25 32257.5557
        50    26 30388.0129
        50    27 30039.9699
        50    28 30022.1539
        50    29 28595.2484
        50    30 30127.4248
        50    31 28296.3480
        50    32 27106.0832
        50    33 26910.4282
        50    34 26121.9132
        50    35 26466.6448
        50    36 26303.5726
        50    37 25246.4488
        50    38 24036.8685
        50    39 23857.5193
        50    40 24492.6449
       100     1 66107.8639
       100     2 48614.7003
       100     3 34608.3600
       100     4 34238.5244
       100     5 27894.1833
       100     6 27197.6925
       100     7 31115.2877
       100     8 28101.3933
       100     9 21591.2471
       100    10 26469.1240
       100    11 26390.7028
       100    12 20169.4638
       100    13 21350.4876
       100    14 23052.8619
       100    15 19980.8795
       100    16 21184.4528
       100    17 18001.6138
       100    18 17611.1316
       100    19 18792.1911
       100    20 16836.1043
       100    21 18301.4692
       100    22 16918.9220
       100    23 16170.3960
       100    24 15733.7973
       100    25 15064.6689
       100    26 14402.6637
       100    27 13409.4892
       100    28 13358.1084
       100    29 12769.2792
       100    30 12182.3286
       100    31  9923.8135
       100    32 13033.4746
       100    33 10076.6944
       100    34 10626.0614
       100    35 10193.6683
       100    36 10236.5828
       100    37 10434.7329
       100    38  8200.1338
       100    39 10238.4712
       100    40  8193.1650
       150     1 35311.6514
       150     2 31552.4380
       150     3 26560.9734
       150     4 22500.4774
       150     5 21294.6972
       150     6 20719.9899
       150     7 20349.7416
       150     8 19121.8194
       150     9 14676.0836
       150    10 16318.9742
       150    11 15154.1717
       150    12 16295.2048
       150    13 14243.6969
       150    14 13978.5279
       150    15 14074.2335
       150    16 14399.6692
       150    17 13042.3373
       150    18 12563.3416
       150    19 12061.2261
       150    20 11671.0561
       150    21 11566.9757
       150    22 10907.9541
       150    23 10768.2151
       150    24 10554.0458
       150    25  9919.6013
       150    26  9810.5325
       150    27  8726.5788
       150    28  8111.4364
       150    29  8415.0274
       150    30  7967.8860
       150    31  7625.8404
       150    32  7576.0826
       150    33  6309.8394
       150    34  7253.9934
       150    35  6897.7768
       150    36  7129.0436
       150    37  6680.2333
       150    38  6318.6417
       150    39  6076.5469
       150    40  6703.9180
       200     1 21411.7799
       200     2 17482.6105
       200     3 15576.4799
       200     4 15360.7408
       200     5 13096.9200
       200     6 12900.2274
       200     7 10934.1247
       200     8 12653.8224
       200     9  9991.4724
       200    10 11333.1274
       200    11 11336.2206
       200    12  9865.5887
       200    13 10635.0340
       200    14 10375.5189
       200    15  9714.3475
       200    16  9155.6839
       200    17  9046.3385
       200    18  9142.3301
       200    19  8577.3612
       200    20  7001.5834
       200    21  7559.6408
       200    22  7608.3108
       200    23  6946.7221
       200    24  7191.4044
       200    25  6985.4183
       200    26  6885.5491
       200    27  6266.2884
       200    28  6063.2215
       200    29  5689.7477
       200    30  5580.9468
       200    31  5167.0431
       200    32  4462.1701
       200    33  4922.8905
       200    34  4629.6142
       200    35  4807.8223
       200    36  4657.6626
       200    37  4596.8802
       200    38  4664.7669
       200    39  4528.6513
       200    40  4521.2544
       250     1 13488.2247
       250     2 12887.9278
       250     3 10999.6926
       250     4  9965.7929
       250     5  7004.2017
       250     6  8750.4911
       250     7  8739.4661
       250     8  7459.9656
       250     9  5941.7538
       250    10  6823.2061
       250    11  7454.5698
       250    12  6295.1632
       250    13  6794.4433
       250    14  6881.0255
       250    15  6134.0035
       250    16  4123.8020
       250    17  5915.5458
       250    18  6027.1253
       250    19  5198.0336
       250    20  5650.3284
       250    21  4282.5457
       250    22  5278.2737
       250    23  5414.1390
       250    24  4854.9684
       250    25  5049.5487
       250    26  4648.9607
       250    27  4702.0639
       250    28  4136.8374
       250    29  3338.8636
       250    30  3710.0412
       250    31  3827.9493
       250    32  2791.7615
       250    33  3462.0886
       250    34  3067.1396
       250    35  3176.9502
       250    36  3524.8405
       250    37  2819.5223
       250    38  2883.2470
       250    39  3319.6326
       250    40  3280.2320
       300     1  9703.5662
       300     2  8256.5040
       300     3  5941.8855
       300     4  6787.2677
       300     5  3922.4110
       300     6  3571.8125
       300     7  2860.2989
       300     8  4909.0005
       300     9  4780.8589
       300    10  4390.3904
       300    11  4766.5997
       300    12  3881.9162
       300    13  4329.6962
       300    14  4695.1757
       300    15  3706.6100
       300    16  2874.7424
       300    17  4186.7533
       300    18  3067.4590
       300    19  3992.0470
       300    20  3003.6922
       300    21  3661.7222
       300    22  3291.2498
       300    23  3656.4211
       300    24  3113.0939
       300    25  3340.4893
       300    26  2773.1108
       300    27  3492.8823
       300    28  2197.9782
       300    29  2941.5363
       300    30  3197.8758
       300    31  2521.3199
       300    32  2303.9272
       300    33  2583.4367
       300    34  2671.0720
       300    35  2645.2370
       300    36  2724.2732
       300    37  2572.7096
       300    38  2487.2901
       300    39  1865.9924
       300    40  2459.4121
       350     1  7145.9756
       350     2  6994.3138
       350     3  5057.9374
       350     4  4989.1821
       350     5  2694.4972
       350     6  3131.8853
       350     7  2517.5106
       350     8  3132.4941
       350     9  2405.4320
       350    10  3414.2735
       350    11  3530.6270
       350    12  2955.9424
       350    13  2627.7719
       350    14  2964.2675
       350    15  3272.7599
       350    16  2965.8350
       350    17  2074.6539
       350    18  2777.6770
       350    19  2276.9263
       350    20  2312.3322
       350    21  2804.0594
       350    22  2117.6358
       350    23  1915.4989
       350    24  2573.9658
       350    25  2287.4227
       350    26  2578.5656
       350    27  2049.2281
       350    28  2155.8689
       350    29  2161.6534
       350    30  1710.7332
       350    31  1411.7322
       350    32  1354.6685
       350    33  1960.5263
       350    34  1755.0399
       350    35  1372.7702
       350    36  1939.1097
       350    37  1059.1910
       350    38  1043.9175
       350    39  1503.8696
       350    40   892.4921
       400     1  5099.4043
       400     2  5293.3772
       400     3  2985.5090
       400     4  2343.3242
       400     5  2082.4954
       400     6  2818.6538
       400     7  1668.2816
       400     8  1890.9574
       400     9  1980.7101
       400    10  2356.6906
       400    11  1468.9033
       400    12  1942.7031
       400    13  1993.4736
       400    14  2490.3062
       400    15  1314.0038
       400    16  1225.6799
       400    17  1626.7219
       400    18  1377.0952
       400    19  1232.1724
       400    20  1531.2946
       400    21  2123.9107
       400    22  2088.6219
       400    23  1456.6860
       400    24  1838.2685
       400    25   876.0510
       400    26  1831.2112
       400    27  1868.1962
       400    28  1649.0194
       400    29   814.8551
       400    30   674.0916
       400    31  1473.6742
       400    32  1200.0758
       400    33  1197.7511
       400    34   566.3641
       400    35  1277.7952
       400    36  1145.5222
       400    37  1035.6493
       400    38  1153.7062
       400    39   479.3153
       400    40   502.7386
       450     1  4586.6308
       450     2  2939.2371
       450     3  3138.6877
       450     4  2604.2269
       450     5  1517.3017
       450     6  2045.7244
       450     7  1452.7936
       450     8  1587.9941
       450     9  1400.5526
       450    10  1752.4629
       450    11  1657.4072
       450    12  1541.9496
       450    13   922.1500
       450    14  1550.5804
       450    15  1582.3332
       450    16  1207.5052
       450    17  1530.5349
       450    18   740.2285
       450    19   847.9484
       450    20  1243.2427
       450    21  1201.1073
       450    22  1212.7237
       450    23   668.5677
       450    24  1258.7731
       450    25  1180.1484
       450    26  1313.2186
       450    27  1089.5158
       450    28  1217.4984
       450    29  1079.9185
       450    30   476.6210
       450    31   857.1117
       450    32   954.7686
       450    33   411.7795
       450    34   350.6564
       450    35   354.0104
       450    36   329.4774
       450    37   679.4616
       450    38   318.6844
       450    39   646.7633
       450    40   728.9799
       500     1  3716.1890
       500     2  2075.9236
       500     3  2105.9571
       500     4  2209.1516
       500     5  1960.7604
       500     6   954.6890
       500     7  1100.2397
       500     8  1312.5966
       500     9  1075.2233
       500    10  1010.0501
       500    11  1234.7977
       500    12  1179.6128
       500    13   944.9189
       500    14   957.6574
       500    15  1086.3327
       500    16   951.8395
       500    17   634.9036
       500    18   498.4129
       500    19   505.4185
       500    20   999.3594
       500    21   786.1860
       500    22   382.2187
       500    23   772.9535
       500    24   314.0627
       500    25   698.1703
       500    26   359.5681
       500    27   304.9816
       500    28   600.0751
       500    29   275.8081
       500    30   528.4577
       500    31   671.5724
       500    32   647.2451
       500    33   212.7190
       500    34   509.6674
       500    35   514.3045
       500    36   504.9069
       500    37   418.8948
       500    38   385.4301
       500    39   482.1519
       500    40   184.9509
       550     1  2508.4424
       550     2  2441.6887
       550     3  2193.2072
       550     4  2144.9174
       550     5  1345.6825
       550     6  1814.2226
       550     7  1375.1140
       550     8  1709.4173
       550     9  1707.6944
       550    10  1783.4620
       550    11  1227.2031
       550    12  1735.9595
       550    13  1517.0994
       550    14  1637.0952
       550    15  1484.2967
       550    16  1411.0009
       550    17  1362.4659
       550    18  1029.8988
       550    19   460.8423
       550    20   407.8184
       550    21   359.8134
       550    22   347.4154
       550    23   646.5952
       550    24   319.5470
       550    25   594.0704
       550    26   281.4555
       550    27   264.8859
       550    28   512.4704
       550    29   472.3665
       550    30   427.3292
       550    31   432.9246
       550    32   206.5898
       550    33   379.7306
       550    34   185.3837
       550    35   198.7478
       550    36   210.7390
       550    37   225.5183
       550    38   412.5834
       550    39   393.6209
       550    40   377.0008
       600     1  2295.0017
       600     2  2217.1608
       600     3  1852.0805
       600     4  1864.5715
       600     5  1220.3366
       600     6  1563.1092
       600     7  1184.2807
       600     8  1464.3596
       600     9   999.2597
       600    10  1105.0209
       600    11  1048.8379
       600    12  1124.0097
       600    13  1133.6879
       600    14  1287.0663
       600    15  1066.2216
       600    16  1002.9662
       600    17   880.5240
       600    18   865.4018
       600    19   761.2750
       600    20   915.7944
       600    21   853.0859
       600    22   778.0992
       600    23   277.0488
       600    24   279.8825
       600    25   256.2603
       600    26   206.8859
       600    27   419.4777
       600    28   389.5040
       600    29   206.6435
       600    30   326.9975
       600    31   336.1801
       600    32   168.4889
       600    33   171.3142
       600    34   152.6816
       600    35   170.1255
       600    36   276.0881
       600    37   150.7564
       600    38   253.7233
       600    39   250.3231
       600    40   252.4754
       650     1  2012.0882
       650     2  1914.8975
       650     3  1550.8852
       650     4  1301.3651
       650     5  1365.7859
       650     6  1363.8450
       650     7   732.5180
       650     8  1242.2168
       650     9  1231.1682
       650    10  1162.1857
       650    11  1303.9759
       650    12  1280.3705
       650    13  1123.0966
       650    14  1031.5263
       650    15   769.5378
       650    16   870.5567
       650    17   746.1224
       650    18   873.2965
       650    19   602.8373
       650    20   727.1648
       650    21   570.7290
       650    22   543.8949
       650    23   681.6505
       650    24   471.0927
       650    25   486.8411
       650    26   215.0754
       650    27   313.1606
       650    28   178.8425
       650    29   283.1773
       650    30   274.5172
       650    31   276.3288
       650    32   259.6204
       650    33   132.4810
       650    34   120.8854
       650    35   132.9131
       650    36   225.8439
       650    37   217.4210
       650    38   135.0233
       650    39   210.9026
       650    40   156.0775
       700     1  1721.9679
       700     2  1639.7971
       700     3  1370.6357
       700     4  1442.8504
       700     5   903.3815
       700     6  1197.8646
       700     7   917.1922
       700     8  1032.6186
       700     9  1131.1399
       700    10   985.7383
       700    11  1058.7855
       700    12  1018.0267
       700    13   788.2675
       700    14   741.9792
       700    15   736.6484
       700    16   659.0489
       700    17   678.8427
       700    18   579.9839
       700    19   628.6094
       700    20   351.0107
       700    21   504.5402
       700    22   541.2008
       700    23   519.2768
       700    24   503.2720
       700    25   377.8678
       700    26   449.9424
       700    27   303.6803
       700    28   243.6261
       700    29   306.1011
       700    30   161.7009
       700    31   133.3556
       700    32   209.1488
       700    33   135.6398
       700    34   114.0803
       700    35   210.2695
       700    36   191.9321
       700    37   184.7710
       700    38   168.1323
       700    39   175.6096
       700    40   137.8197
       750     1  1627.1969
       750     2  1493.4401
       750     3  1251.9868
       750     4  1264.4528
       750     5   830.9587
       750     6  1028.0041
       750     7   994.1093
       750     8   851.9386
       750     9   728.4466
       750    10   728.5170
       750    11   752.1649
       750    12   722.2680
       750    13   713.1400
       750    14   691.0570
       750    15   474.8087
       750    16   590.7041
       750    17   538.5672
       750    18   471.3822
       750    19   479.4691
       750    20   330.4537
       750    21   361.3481
       750    22   448.0101
       750    23   352.2144
       750    24   334.3293
       750    25   192.0101
       750    26   232.6727
       750    27   347.5561
       750    28   243.0693
       750    29   179.6222
       750    30   263.9529
       750    31   297.0258
       750    32   162.6890
       750    33   140.6713
       750    34   256.6934
       750    35   161.3612
       750    36   164.0872
       750    37   128.9612
       750    38   142.4962
       750    39   129.6269
       750    40   128.1586
       800     1  1342.0167
       800     2  1358.7163
       800     3   872.2654
       800     4  1111.6616
       800     5   770.3203
       800     6   791.6249
       800     7   847.3194
       800     8   792.8869
       800     9   733.3692
       800    10   697.7943
       800    11   561.7000
       800    12   642.8793
       800    13   579.6222
       800    14   584.8364
       800    15   461.3099
       800    16   494.7476
       800    17   458.2618
       800    18   467.3393
       800    19   440.3604
       800    20   398.4691
       800    21   276.8690
       800    22   217.1346
       800    23   339.2991
       800    24   346.7059
       800    25   152.3221
       800    26   182.8237
       800    27   184.8396
       800    28   280.9043
       800    29   251.8411
       800    30   135.9409
       800    31   252.6772
       800    32   102.4003
       800    33   119.2619
       800    34   129.3155
       800    35   142.6199
       800    36   186.5492
       800    37   192.6813
       800    38   198.9093
       800    39   195.0359
       800    40   141.4838
       850     1  1165.6474
       850     2  1238.2196
       850     3  1007.9664
       850     4  1006.4412
       850     5   794.0954
       850     6   774.7907
       850     7   741.0405
       850     8   705.2792
       850     9   517.5613
       850    10   531.3807
       850    11   508.5327
       850    12   466.4291
       850    13   436.7528
       850    14   435.3883
       850    15   438.2103
       850    16   316.6729
       850    17   296.8568
       850    18   362.4193
       850    19   264.6145
       850    20   319.6263
       850    21   221.9076
       850    22   180.1129
       850    23   304.2658
       850    24   288.6125
       850    25   113.5676
       850    26   254.4717
       850    27   232.6895
       850    28   239.2328
       850    29   101.6914
       850    30   210.7254
       850    31   132.3808
       850    32   122.0277
       850    33   169.7907
       850    34   115.8354
       850    35   177.4944
       850    36   177.4836
       850    37   167.2000
       850    38   135.3607
       850    39   168.7526
       850    40   136.0352
       900     1  1112.9057
       900     2  1078.3677
       900     3   655.5658
       900     4   884.0749
       900     5   246.6764
       900     6   622.8527
       900     7   592.6314
       900     8   540.1230
       900     9   491.0517
       900    10   427.9078
       900    11   423.5102
       900    12   353.2545
       900    13   397.1358
       900    14   404.9676
       900    15   249.2427
       900    16   335.3098
       900    17   320.5769
       900    18   259.1296
       900    19   202.7212
       900    20   220.5369
       900    21   172.9707
       900    22   260.7725
       900    23   255.1746
       900    24   114.3641
       900    25    98.8369
       900    26   198.3166
       900    27    79.8327
       900    28   119.9140
       900    29   117.5846
       900    30   152.6504
       900    31   120.3897
       900    32   121.0003
       900    33   160.6627
       900    34   126.8498
       900    35   152.6896
       900    36   110.5832
       900    37   125.1873
       900    38   108.2984
       900    39   123.7049
       900    40   115.2087
       950     1  1007.3476
       950     2   968.5799
       950     3   791.9869
       950     4   773.9472
       950     5   557.1212
       950     6   459.3699
       950     7   393.4107
       950     8   482.8372
       950     9   367.1784
       950    10   352.4313
       950    11   348.8731
       950    12   383.8481
       950    13   232.0008
       950    14   211.1320
       950    15   292.4425
       950    16   211.8075
       950    17   179.7562
       950    18   155.0140
       950    19   199.0550
       950    20   144.5998
       950    21   230.2121
       950    22   225.1955
       950    23   211.4721
       950    24   117.7190
       950    25   168.2062
       950    26   199.7558
       950    27    98.8883
       950    28   168.2024
       950    29   105.7174
       950    30   155.9389
       950    31   101.3483
       950    32   142.3956
       950    33   113.4186
       950    34   121.1315
       950    35   118.2315
       950    36   129.7141
       950    37   105.7202
       950    38   115.3205
       950    39   108.1652
       950    40   102.6881
      1000     1   908.4282
      1000     2   882.1121
      1000     3   719.6604
      1000     4   709.1163
      1000     5   534.4515
      1000     6   515.5409
      1000     7   426.3616
      1000     8   353.9477
      1000     9   386.3283
      1000    10   307.7480
      1000    11   241.3797
      1000    12   216.0150
      1000    13   284.9149
      1000    14   162.4596
      1000    15   249.5389
      1000    16   195.8940
      1000    17   140.9128
      1000    18   230.4134
      1000    19   133.3056
      1000    20    90.4872
      1000    21   197.4936
      1000    22   192.9046
      1000    23   178.8737
      1000    24   100.9646
      1000    25   153.6367
      1000    26   108.9917
      1000    27   160.6394
      1000    28   152.1419
      1000    29    95.7624
      1000    30   111.0150
      1000    31   106.4800
      1000    32   106.9553
      1000    33   124.4796
      1000    34   101.0462
      1000    35   118.6430
      1000    36   107.2903
      1000    37   112.8516
      1000    38    83.0164
      1000    39    86.7701
      1000    40    86.9368
      1050     1   796.4754
      1050     2   784.7541
      1050     3   637.5658
      1050     4   616.8259
      1050     5   465.6288
      1050     6   442.8629
      1050     7   417.5895
      1050     8   351.0554
      1050     9   278.9724
      1050    10   300.4157
      1050    11   295.4446
      1050    12   242.9753
      1050    13   187.0862
      1050    14   219.8108
      1050    15   115.7255
      1050    16   228.4263
      1050    17   107.5824
      1050    18   195.9602
      1050    19   109.8437
      1050    20   176.8121
      1050    21   157.7610
      1050    22    99.0350
      1050    23    92.4477
      1050    24   163.9006
      1050    25    78.0178
      1050    26   121.3302
      1050    27   100.1817
      1050    28    93.1524
      1050    29   108.3882
      1050    30    92.4600
      1050    31    98.8967
      1050    32   100.5317
      1050    33   115.2373
      1050    34   110.3141
      1050    35    97.9992
      1050    36   106.1926
      1050    37   107.6115
      1050    38    80.2341
      1050    39   106.4255
      1050    40    75.1647
      1100     1   744.8402
      1100     2   714.3331
      1100     3   376.3745
      1100     4   535.8192
      1100     5   311.4618
      1100     6   384.3699
      1100     7   328.6834
      1100     8   262.1809
      1100     9   268.0440
      1100    10   190.9343
      1100    11   165.1245
      1100    12   161.7831
      1100    13   224.9070
      1100    14   227.8106
      1100    15   208.6771
      1100    16   161.6567
      1100    17   101.9423
      1100    18   178.0914
      1100    19    98.1334
      1100    20   136.8561
      1100    21   161.7594
      1100    22   120.5820
      1100    23    91.0145
      1100    24   146.5483
      1100    25    83.0864
      1100    26   132.4933
      1100    27    92.6842
      1100    28   118.2013
      1100    29   101.0820
      1100    30    95.6781
      1100    31   113.6331
      1100    32   105.1068
      1100    33    84.6922
      1100    34   104.5376
      1100    35    95.9579
      1100    36    96.3626
      1100    37    95.6748
      1100    38    85.0025
      1100    39    67.2362
      1100    40    82.9309
      1150     1   660.5178
      1150     2   636.2977
      1150     3   514.8105
      1150     4   444.8701
      1150     5   371.8338
      1150     6   333.1543
      1150     7   322.3710
      1150     8   303.7496
      1150     9   260.7899
      1150    10   218.1704
      1150    11   173.8055
      1150    12   233.8480
      1150    13   122.9802
      1150    14   199.5603
      1150    15   180.6111
      1150    16   105.1152
      1150    17    99.1238
      1150    18   161.6166
      1150    19    80.4377
      1150    20    73.7167
      1150    21   139.8933
      1150    22    83.3281
      1150    23   111.0206
      1150    24   129.3901
      1150    25    68.0146
      1150    26    87.0524
      1150    27    84.2770
      1150    28   109.3267
      1150    29   104.2395
      1150    30    99.6884
      1150    31   100.9812
      1150    32    98.4754
      1150    33    78.3802
      1150    34    72.5214
      1150    35    88.6366
      1150    36    69.9867
      1150    37    67.4527
      1150    38    80.8066
      1150    39    58.6105
      1150    40    78.9404
      1200     1   630.4213
      1200     2   607.3563
      1200     3   478.6407
      1200     4   449.7857
      1200     5   324.0055
      1200     6   318.1337
      1200     7   264.6642
      1200     8   218.7310
      1200     9   207.7707
      1200    10   210.3530
      1200    11   141.6394
      1200    12   205.0475
      1200    13   102.4679
      1200    14   176.9989
      1200    15   155.3638
      1200    16   133.8378
      1200    17    83.3725
      1200    18   132.7732
      1200    19    72.6445
      1200    20    67.1456
      1200    21   122.6609
      1200    22    80.0186
      1200    23    83.2238
      1200    24   103.4739
      1200    25   104.7550
      1200    26    83.0192
      1200    27    82.8867
      1200    28    83.2778
      1200    29    97.3079
      1200    30    90.5881
      1200    31    73.5819
      1200    32    73.2098
      1200    33    65.3647
      1200    34    82.3814
      1200    35    78.3998
      1200    36    75.5393
      1200    37    56.9574
      1200    38    58.7880
      1200    39    57.3575
      1200    40    63.2437
      1250     1   572.2934
      1250     2   554.8603
      1250     3   421.0786
      1250     4   395.5021
      1250     5   290.0434
      1250     6   282.9429
      1250     7   248.1093
      1250     8   163.5902
      1250     9   170.6731
      1250    10   178.5703
      1250    11   143.7755
      1250    12   187.3872
      1250    13   102.0238
      1250    14   164.2603
      1250    15    77.8420
      1250    16   144.2175
      1250    17    59.1428
      1250    18    63.2191
      1250    19   120.1372
      1250    20   113.0180
      1250    21    74.5634
      1250    22    74.1596
      1250    23    74.9250
      1250    24    81.5439
      1250    25    83.4940
      1250    26    98.5642
      1250    27    90.4731
      1250    28    87.6674
      1250    29    68.3696
      1250    30    66.3106
      1250    31    64.5917
      1250    32    80.1271
      1250    33    61.0475
      1250    34    52.6082
      1250    35    68.9046
      1250    36    54.6987
      1250    37    53.8157
      1250    38    53.9299
      1250    39    53.7578
      1250    40    62.1623
      1300     1   531.7261
      1300     2   500.6480
      1300     3   401.4685
      1300     4   359.4379
      1300     5   253.5618
      1300     6   204.9468
      1300     7   205.5242
      1300     8   190.0376
      1300     9   136.0345
      1300    10    95.7495
      1300    11   102.3707
      1300    12   170.9458
      1300    13    69.5415
      1300    14   146.0071
      1300    15    71.8925
      1300    16   112.2920
      1300    17   101.8413
      1300    18   120.7567
      1300    19    71.9930
      1300    20    60.4998
      1300    21    72.1671
      1300    22    72.3997
      1300    23    74.0532
      1300    24    94.4320
      1300    25    72.9778
      1300    26    65.3436
      1300    27    65.9878
      1300    28    75.8326
      1300    29    55.8533
      1300    30    75.5467
      1300    31    57.6919
      1300    32    73.4252
      1300    33    54.2222
      1300    34    48.3254
      1300    35    49.9097
      1300    36    70.0134
      1300    37    64.0980
      1300    38    63.3015
      1300    39    46.6034
      1300    40    53.6645
      1350     1   492.2839
      1350     2   476.8868
      1350     3   346.9464
      1350     4   325.0195
      1350     5   112.9677
      1350     6   223.7995
      1350     7   184.8832
      1350     8   194.2057
      1350     9   108.9717
      1350    10   153.5009
      1350    11    94.0543
      1350    12   145.1711
      1350    13   138.0245
      1350    14   137.2820
      1350    15   105.8453
      1350    16    57.4792
      1350    17   102.8916
      1350    18    64.9618
      1350    19   106.3228
      1350    20    71.3485
      1350    21    99.5705
      1350    22    70.9835
      1350    23    90.9290
      1350    24    67.1403
      1350    25    71.7421
      1350    26    61.1413
      1350    27    52.3950
      1350    28    69.3881
      1350    29    50.5970
      1350    30    47.8056
      1350    31    48.5541
      1350    32    65.9148
      1350    33    60.9098
      1350    34    55.2085
      1350    35    59.0473
      1350    36    46.1591
      1350    37    44.0639
      1350    38    46.0998
      1350    39    54.4616
      1350    40    53.7391
      1400     1   454.6469
      1400     2   440.9080
      1400     3   338.1870
      1400     4   295.4992
      1400     5   215.2957
      1400     6   207.2388
      1400     7   171.1310
      1400     8   118.0286
      1400     9   119.2461
      1400    10    92.4407
      1400    11   133.1448
      1400    12   134.3530
      1400    13    76.0098
      1400    14   109.3669
      1400    15    61.8723
      1400    16    93.2935
      1400    17   105.2124
      1400    18    96.8210
      1400    19    86.8565
      1400    20    64.8353
      1400    21    70.6121
      1400    22    84.9871
      1400    23    65.4561
      1400    24    79.7081
      1400    25    72.0006
      1400    26    57.9741
      1400    27    73.8945
      1400    28    44.9436
      1400    29    46.3090
      1400    30    63.0545
      1400    31    44.8373
      1400    32    44.2940
      1400    33    53.9407
      1400    34    57.5905
      1400    35    42.9128
      1400    36    43.5119
      1400    37    41.1806
      1400    38    41.5738
      1400    39    51.7899
      1400    40    39.1362
      1450     1   432.4306
      1450     2   394.8959
      1450     3   252.5824
      1450     4   262.6848
      1450     5   197.5458
      1450     6   176.0173
      1450     7   151.5292
      1450     8   129.4174
      1450     9   137.6338
      1450    10   127.3294
      1450    11    83.5040
      1450    12    60.4071
      1450    13   106.9491
      1450    14   115.1569
      1450    15    48.4532
      1450    16    62.4547
      1450    17    95.5598
      1450    18    66.4777
      1450    19    80.7930
      1450    20    80.1423
      1450    21    68.6199
      1450    22    62.8297
      1450    23    73.9776
      1450    24    75.4536
      1450    25    48.3562
      1450    26    52.8491
      1450    27    47.3028
      1450    28    46.6381
      1450    29    41.3350
      1450    30    42.7466
      1450    31    50.3236
      1450    32    52.3895
      1450    33    50.8679
      1450    34    41.7704
      1450    35    41.7500
      1450    36    47.0317
      1450    37    44.3430
      1450    38    45.8404
      1450    39    43.1539
      1450    40    38.7867
      1500     1   396.7252
      1500     2   367.4794
      1500     3   137.0919
      1500     4   252.5984
      1500     5   179.1758
      1500     6   155.2167
      1500     7   126.6145
      1500     8    89.9358
      1500     9   110.0185
      1500    10   100.3714
      1500    11   113.7036
      1500    12    50.6104
      1500    13    97.1552
      1500    14    93.8321
      1500    15    49.8062
      1500    16    86.4976
      1500    17    58.3748
      1500    18    72.1620
      1500    19    66.1700
      1500    20    49.3780
      1500    21    69.3207
      1500    22    74.7508
      1500    23    50.0449
      1500    24    47.6625
      1500    25    45.9297
      1500    26    47.0150
      1500    27    60.7475
      1500    28    58.6959
      1500    29    55.9655
      1500    30    40.1623
      1500    31    42.8491
      1500    32    42.3245
      1500    33    37.4297
      1500    34    46.8924
      1500    35    38.8990
      1500    36    36.6623
      1500    37    36.7554
      1500    38    43.0257
      1500    39    42.0315
      1500    40    35.3515
      1550     1   381.5499
      1550     2   335.9282
      1550     3   227.3882
      1550     4   192.1385
      1550     5    94.1945
      1550     6   133.7494
      1550     7   128.1953
      1550     8   109.9011
      1550     9   123.3137
      1550    10    69.5444
      1550    11    61.1360
      1550    12    94.1116
      1550    13    51.9384
      1550    14    90.7458
      1550    15    55.5930
      1550    16    60.2375
      1550    17    58.9778
      1550    18    63.5672
      1550    19    73.8472
      1550    20    57.4901
      1550    21    53.5295
      1550    22    63.2901
      1550    23    66.0301
      1550    24    49.0138
      1550    25    52.4624
      1550    26    49.9379
      1550    27    40.4066
      1550    28    53.8509
      1550    29    47.2429
      1550    30    47.1135
      1550    31    35.5083
      1550    32    38.6462
      1550    33    45.2997
      1550    34    38.4960
      1550    35    35.1029
      1550    36    43.2253
      1550    37    38.5650
      1550    38    41.4650
      1550    39    37.1841
      1550    40    32.8970
      1600     1   353.4531
      1600     2   309.1130
      1600     3   230.7122
      1600     4   196.6572
      1600     5   103.6512
      1600     6   125.7842
      1600     7    97.2528
      1600     8    95.8789
      1600     9    65.2294
      1600    10    86.6587
      1600    11    61.8291
      1600    12    87.3966
      1600    13    86.7646
      1600    14    55.2434
      1600    15    83.6806
      1600    16    57.1335
      1600    17    57.1655
      1600    18    59.2779
      1600    19    54.7556
      1600    20    58.6198
      1600    21    46.7478
      1600    22    45.4549
      1600    23    42.9307
      1600    24    56.8675
      1600    25    42.0270
      1600    26    41.3941
      1600    27    46.7106
      1600    28    39.0723
      1600    29    38.5799
      1600    30    34.6395
      1600    31    36.8370
      1600    32    39.6218
      1600    33    32.9527
      1600    34    34.7675
      1600    35    32.2684
      1600    36    33.0390
      1600    37    38.5167
      1600    38    35.9008
      1600    39    31.4360
      1600    40    32.3578
      1650     1   335.0592
      1650     2   287.6104
      1650     3   198.5127
      1650     4   161.4997
      1650     5   107.4691
      1650     6    99.2872
      1650     7    83.4429
      1650     8    74.4579
      1650     9    55.2083
      1650    10    85.1172
      1650    11    41.9747
      1650    12    45.0163
      1650    13    80.7791
      1650    14    55.2152
      1650    15    57.6927
      1650    16    55.6780
      1650    17    54.4050
      1650    18    50.3174
      1650    19    49.0295
      1650    20    60.4967
      1650    21    53.5733
      1650    22    51.0334
      1650    23    43.6204
      1650    24    42.2356
      1650    25    36.5375
      1650    26    39.4157
      1650    27    37.3693
      1650    28    45.6034
      1650    29    35.8921
      1650    30    37.7690
      1650    31    34.7416
      1650    32    39.4435
      1650    33    34.0558
      1650    34    37.6665
      1650    35    32.0431
      1650    36    31.2145
      1650    37    30.9771
      1650    38    33.3976
      1650    39    29.5651
      1650    40    29.3565
      1700     1   312.9117
      1700     2   270.8465
      1700     3   174.8410
      1700     4   162.7393
      1700     5   101.1362
      1700     6   108.4742
      1700     7    65.8799
      1700     8    69.3426
      1700     9    62.5883
      1700    10    41.3872
      1700    11    42.7823
      1700    12    39.1219
      1700    13    46.6390
      1700    14    49.5802
      1700    15    71.4124
      1700    16    64.1715
      1700    17    49.8739
      1700    18    48.6589
      1700    19    47.5603
      1700    20    40.0085
      1700    21    43.4179
      1700    22    44.1857
      1700    23    48.0387
      1700    24    46.5075
      1700    25    41.7157
      1700    26    43.3443
      1700    27    37.4639
      1700    28    41.7223
      1700    29    41.8119
      1700    30    34.1608
      1700    31    30.5314
      1700    32    37.2005
      1700    33    28.4647
      1700    34    29.6907
      1700    35    29.8501
      1700    36    28.5347
      1700    37    27.0735
      1700    38    32.4501
      1700    39    31.0032
      1700    40    28.2130
      1750     1   300.0990
      1750     2   250.5690
      1750     3   174.7868
      1750     4   113.0461
      1750     5    90.0339
      1750     6    73.6246
      1750     7    66.3429
      1750     8    94.4129
      1750     9    83.0526
      1750    10    78.7245
      1750    11    81.8500
      1750    12    44.1017
      1750    13    41.7338
      1750    14    49.1792
      1750    15    64.4147
      1750    16    49.6528
      1750    17    46.4704
      1750    18    43.8516
      1750    19    52.9553
      1750    20    49.5249
      1750    21    50.7983
      1750    22    50.2651
      1750    23    49.2417
      1750    24    46.5568
      1750    25    34.1293
      1750    26    41.0914
      1750    27    38.2958
      1750    28    32.9322
      1750    29    32.9218
      1750    30    31.7044
      1750    31    34.2187
      1750    32    33.3897
      1750    33    31.5482
      1750    34    33.0467
      1750    35    28.1456
      1750    36    26.7848
      1750    37    25.9402
      1750    38    27.7258
      1750    39    26.1319
      1750    40    24.1159
      1800     1   281.8025
      1800     2   233.0203
      1800     3   157.1972
      1800     4   127.6222
      1800     5    80.7262
      1800     6    88.3438
      1800     7    68.1064
      1800     8    70.9675
      1800     9    45.6226
      1800    10    38.8615
      1800    11    70.3993
      1800    12    40.8882
      1800    13    55.1282
      1800    14    65.2344
      1800    15    44.2755
      1800    16    44.2300
      1800    17    45.8547
      1800    18    47.5896
      1800    19    50.1035
      1800    20    43.1071
      1800    21    47.1697
      1800    22    38.3750
      1800    23    35.1924
      1800    24    37.0102
      1800    25    39.5673
      1800    26    38.4123
      1800    27    37.6215
      1800    28    37.8543
      1800    29    31.6610
      1800    30    25.1033
      1800    31    33.0069
      1800    32    29.8732
      1800    33    25.8477
      1800    34    31.0678
      1800    35    26.4707
      1800    36    24.7588
      1800    37    28.5082
      1800    38    26.6793
      1800    39    23.8924
      1800    40    20.5997
      1850     1   265.3816
      1850     2   221.7917
      1850     3   137.7499
      1850     4   120.0674
      1850     5    70.4831
      1850     6    63.4308
      1850     7    81.0023
      1850     8    48.2814
      1850     9    66.7825
      1850    10    32.9424
      1850    11    71.8800
      1850    12    66.2219
      1850    13    43.8198
      1850    14    62.1825
      1850    15    53.2734
      1850    16    43.4061
      1850    17    48.0940
      1850    18    45.9693
      1850    19    40.3753
      1850    20    39.8604
      1850    21    45.5925
      1850    22    34.2647
      1850    23    38.2700
      1850    24    34.0226
      1850    25    32.6078
      1850    26    30.2909
      1850    27    31.9972
      1850    28    32.0416
      1850    29    30.7636
      1850    30    29.0468
      1850    31    27.5219
      1850    32    28.6568
      1850    33    27.1369
      1850    34    24.8694
      1850    35    27.0547
      1850    36    24.7516
      1850    37    22.2574
      1850    38    23.7458
      1850    39    25.0406
      1850    40    24.9641
      1900     1   249.4079
      1900     2   195.2017
      1900     3    89.3762
      1900     4    94.1993
      1900     5    82.3476
      1900     6    59.3158
      1900     7    67.1100
      1900     8    44.1103
      1900     9    43.2305
      1900    10    34.1722
      1900    11    37.5583
      1900    12    39.6125
      1900    13    42.9456
      1900    14    47.2670
      1900    15    42.7446
      1900    16    46.5901
      1900    17    45.8787
      1900    18    45.1449
      1900    19    38.6741
      1900    20    30.9167
      1900    21    33.8605
      1900    22    40.8127
      1900    23    34.8293
      1900    24    36.3757
      1900    25    31.8379
      1900    26    35.9386
      1900    27    34.4033
      1900    28    32.5692
      1900    29    27.1144
      1900    30    30.7324
      1900    31    29.5984
      1900    32    26.6313
      1900    33    25.8500
      1900    34    24.5582
      1900    35    22.3478
      1900    36    23.7492
      1900    37    24.6731
      1900    38    19.5350
      1900    39    22.7671
      1900    40    18.5053
      1950     1   237.3385
      1950     2   183.0185
      1950     3   106.1442
      1950     4    99.2774
      1950     5    75.1053
      1950     6    77.3806
      1950     7    53.8493
      1950     8    41.5423
      1950     9    57.0426
      1950    10    56.8849
      1950    11    36.6357
      1950    12    36.4459
      1950    13    40.8689
      1950    14    44.1616
      1950    15    35.1013
      1950    16    43.6713
      1950    17    36.2063
      1950    18    34.0505
      1950    19    33.9075
      1950    20    33.9893
      1950    21    33.4393
      1950    22    39.0660
      1950    23    29.8041
      1950    24    31.7231
      1950    25    26.2467
      1950    26    26.3338
      1950    27    32.2914
      1950    28    28.6080
      1950    29    28.7189
      1950    30    25.4680
      1950    31    27.3179
      1950    32    24.5326
      1950    33    24.1554
      1950    34    25.1983
      1950    35    22.2821
      1950    36    21.1966
      1950    37    21.7302
      1950    38    20.3413
      1950    39    18.4876
      1950    40    18.8188
      2000     1   224.8654
      2000     2   185.7730
      2000     3    81.9893
      2000     4    86.7934
      2000     5    69.0369
      2000     6    74.2074
      2000     7    54.0704
      2000     8    35.5198
      2000     9    55.0599
      2000    10    51.4700
      2000    11    49.7870
      2000    12    37.6053
      2000    13    47.4430
      2000    14    42.3980
      2000    15    40.6769
      2000    16    30.1084
      2000    17    34.1247
      2000    18    34.0703
      2000    19    33.6400
      2000    20    31.7470
      2000    21    29.3783
      2000    22    36.9357
      2000    23    30.6810
      2000    24    29.6286
      2000    25    27.8476
      2000    26    26.8980
      2000    27    27.7015
      2000    28    28.8086
      2000    29    28.0622
      2000    30    23.0844
      2000    31    25.0814
      2000    32    20.3721
      2000    33    23.8219
      2000    34    23.1688
      2000    35    21.7799
      2000    36    20.5425
      2000    37    20.4619
      2000    38    21.8487
      2000    39    20.2919
      2000    40    17.8670
