       500     6     0.3114     0.3113     0.0000     0.0000     0.0000     0.0000     0.0000 
      1000     6     0.6197     0.0899     0.6055     0.0849     0.6195     0.0000     0.0000 
      1500     6     0.8229     0.3410     0.6291     0.3449     0.8048     0.6362     0.1545 
      2000     6     0.9637     0.9564     0.8148     0.8808     0.9548     0.8664     0.8104 
      2500     6     1.5686     1.4081     1.5683     1.4676     1.4081     1.5013     1.4129 
      3000     6     1.9350     1.9045     1.8978     1.8915     1.9219     1.8960     1.9142 
      3500     6     2.8631     2.8629     2.8187     2.8240     2.8288     2.8121     2.8136 
      4000     6     3.4380     3.4290     3.4298     3.4124     3.4290     3.3930     3.4114 
      4500     6     4.2880     4.2814     4.2802     4.2802     4.2803     4.2874     4.2810 
      5000     6     5.2647     5.2558     5.2562     5.2646     5.2436     5.2447     5.2565 
      5500     6     6.2960     6.2935     6.2843     6.2810     6.2841     6.2922     6.2957 
      6000     6     8.0572     8.0548     8.0571     8.0481     8.0506     8.0286     8.0497 
      6500     6     8.7995     8.7994     8.7943     8.7937     8.7993     8.7930     8.7977 
      7000     6    10.2873    10.2790    10.2870    10.2871    10.2816    10.2726    10.2790 
      7500     6    11.7371    11.7333    11.7341    11.7336    11.7368    11.7210    11.7315 
      8000     6    13.4714    13.4633    13.4669    13.4506    13.4644    13.4711    13.4633 
      8500     6    15.1123    15.1121    15.1121    15.1117    15.1118    15.1118    15.1113 
      9000     6    16.9614    16.9585    16.9588    16.9586    16.9549    16.9612    16.9586 
      9500     6    18.9680    18.9666    18.9574    18.9673    18.9578    18.9550    18.9671 
     10000     6    20.8428    20.8383    20.8427    20.8362    20.8348    20.8249    20.8354 
