       500     3     0.2272     0.0521     0.2270     0.0533 
      1000     3     0.9182     0.1915     0.9059     0.1832 
      1500     3     2.1301     0.5218     2.1176     0.4604 
      2000     3     3.5381     0.6651     3.5380     0.7142 
      2500     3     5.4354     1.0834     5.4352     1.0867 
      3000     3     7.7953     1.5548     7.7952     1.5608 
      3500     3    10.6519     2.0636    10.6518     2.1429 
      4000     3    13.9968     2.8011    13.9966     2.6975 
      4500     3    17.6536     3.4355    17.6535     3.4687 
      5000     3    21.6284     4.3366    21.6282     4.3349 
      5500     3    26.2270     5.2470    26.2269     5.2451 
      6000     3    31.1609     6.2479    31.1607     6.2351 
      6500     3    36.7242     7.0765    36.7240     7.3497 
      7000     3    42.6573     8.1512    42.6572     8.5510 
      7500     3    48.6244     9.7647    48.6242     9.7366 
      8000     3    55.6862    11.1027    55.6854    10.7378 
      8500     3    62.8250    12.0832    62.8123    12.5607 
      9000     3    70.5666    13.4829    70.5653    14.1196 
      9500     3    78.7108    15.6713    78.7106    15.0670 
     10000     3    87.0964    17.2953    87.0962    16.8167 
