       500     2     0.1564     0.1526     0.1551 
      1000     2     0.6154     0.6078     0.6123 
      1500     2     1.3785     1.3670     1.3732 
      2000     2     2.4482     2.4309     2.4396 
      2500     2     3.8262     3.7982     3.8138 
      3000     2     5.5244     5.4873     5.4934 
      3500     2     7.4956     7.4473     7.4670 
      4000     2     9.7857     9.7242     9.7484 
      4500     2    12.3853    12.3080    12.3256 
      5000     2    15.2889    15.1944    15.2215 
      5500     2    18.4933    18.3786    18.4285 
      6000     2    22.0131    21.8786    21.9239 
      6500     2    25.8461    25.6910    25.7090 
      7000     2    29.9659    29.7846    29.8250 
      7500     2    34.3970    34.1897    34.2274 
      8000     2    39.1303    38.8952    38.9824 
      8500     2    44.2133    43.9482    43.9513 
      9000     2    49.5274    49.2305    49.3064 
      9500     2    55.2906    54.9609    54.9954 
     10000     2    61.1471    60.7820    60.8302 
