       500    11     0.0786     0.0012     0.0039     0.0218     0.0486     0.0640     0.0760     0.0662     0.0464     0.0216     0.0045     0.0024 
      1000    11     0.2935     0.0041     0.0146     0.0584     0.1639     0.2346     0.2876     0.2363     0.1637     0.0566     0.0127     0.0042 
      1500    11     0.6448     0.0086     0.0233     0.1194     0.3567     0.5225     0.6370     0.5385     0.3617     0.1192     0.0224     0.0087 
      2000    11     1.1485     0.0154     0.0386     0.2094     0.6569     0.9260     1.1361     0.9431     0.6362     0.2134     0.0407     0.0155 
      2500    11     1.8327     0.0240     0.0607     0.3293     1.0081     1.4634     1.8125     1.4493     0.9960     0.3315     0.0619     0.0349 
      3000    11     2.5759     0.0346     0.0904     0.4738     1.4784     2.0846     2.5487     2.0902     1.4343     0.4782     0.0888     0.0377 
      3500    11     3.5086     0.0471     0.1192     0.6483     1.9488     2.8839     3.4675     2.8820     1.9520     0.6496     0.1209     0.0471 
      4000    11     4.5917     0.0615     0.1561     0.8433     2.5390     3.8137     4.5446     3.7040     2.5495     0.8619     0.1574     0.0618 
      4500    11     5.7979     0.0777     0.1973     1.0643     3.2178     4.8054     5.7388     4.6928     3.2411     1.0906     0.1988     0.0779 
      5000    11     7.1458     0.0959     0.2438     1.3530     3.9751     5.8086     7.0767     5.7991     3.9766     1.3238     0.2510     0.0962 
      5500    11     8.8595     0.1161     0.2979     1.5926     4.8092     7.0084     8.7757     7.0164     4.8872     1.5975     0.2962     0.1166 
      6000    11    10.5295     0.1380     0.3513     1.8930     5.7269     8.7190    10.4227     8.3624     5.7282     1.9054     0.3524     0.1384 
      6500    11    12.0807     0.1623     0.4122     2.2269     6.8335     9.8100    11.9647     9.8132     6.8306     2.2376     0.4137     0.1623 
      7000    11    14.0106     0.1882     0.4784     2.5834     7.8220    11.7301    13.8715    11.3574     7.8126     2.5920     0.4920     0.1890 
      7500    11    16.0977     0.2159     0.5478     3.0221     8.9518    13.0340    15.9424    13.3753     8.9700     2.9818     0.5512     0.2162 
      8000    11    18.2974     0.2462     0.6364     3.3792    10.1769    14.8329    18.1300    15.3301    10.1852     3.3922     0.6268     0.2458 
      8500    11    20.6644     0.2777     0.7041     3.8120    11.4957    16.7362    20.4756    16.7527    11.5257     3.8231     0.7079     0.2775 
      9000    11    23.1760     0.3226     0.8388     4.2819    12.8881    18.7721    22.9325    18.7788    12.8955     4.2975     0.7934     0.3115 
      9500    11    25.7842     0.3473     0.8801     4.7675    14.3462    20.9149    25.5482    20.9158    14.3876     4.7823     0.8826     0.3469 
     10000    11    28.5954     0.3837     1.0043     5.2813    15.9064    23.1767    28.3221    24.0354    15.9285     5.3010     0.9769     0.3855 
