       500    19     0.0604     0.0015     0.0022     0.0031     0.0117     0.0182     0.0368     0.0425     0.0487     0.0571     0.0600     0.0564     0.0500     0.0409     0.0388     0.0193     0.0132     0.0032     0.0023     0.0015 
      1000    19     0.1764     0.0055     0.0085     0.0118     0.0320     0.0465     0.0960     0.1144     0.1442     0.1695     0.1759     0.1648     0.1321     0.1158     0.0990     0.0362     0.0323     0.0124     0.0087     0.0041 
      1500    19     0.3888     0.0124     0.0173     0.0237     0.0557     0.0802     0.1983     0.2395     0.2967     0.3665     0.3883     0.3666     0.2976     0.2623     0.1977     0.0815     0.0578     0.0248     0.0089     0.0125 
      2000    19     0.6873     0.0194     0.0259     0.0307     0.0817     0.1295     0.3373     0.4147     0.5097     0.6350     0.6868     0.6368     0.5101     0.4151     0.3382     0.1333     0.0821     0.0310     0.0258     0.0194 
      2500    19     1.0667     0.0265     0.0344     0.0432     0.1222     0.1988     0.5188     0.6428     0.7909     0.9869     1.0661     0.9866     0.8148     0.6392     0.5435     0.1984     0.1231     0.0422     0.0350     0.0273 
      3000    19     1.5317     0.0330     0.0419     0.0530     0.1678     0.2785     0.7576     0.9183     1.1357     1.4278     1.5311     1.4352     1.1560     0.9579     0.7626     0.3056     0.1716     0.0384     0.0440     0.0331 
      3500    19     2.0734     0.0395     0.0523     0.0673     0.2247     0.3726     1.0042     1.2611     1.5439     1.9251     2.0728     1.9214     1.5425     1.2652     1.0086     0.3740     0.2252     0.0686     0.0533     0.0233 
      4000    19     2.7005     0.0455     0.0622     0.0816     0.2877     0.4797     1.3444     1.6202     2.0090     2.5238     2.6999     2.5147     2.0143     1.6303     1.3139     0.4852     0.3054     0.0839     0.0472     0.0501 
      4500    19     3.4418     0.0565     0.0776     0.1023     0.3594     0.6035     1.6710     2.0440     2.5346     3.1884     3.4413     3.1689     2.5657     2.1010     1.6875     0.6065     0.3624     0.1024     0.0775     0.0562 
      5000    19     4.2449     0.0622     0.0884     0.1189     0.4452     0.7431     2.0353     2.5597     3.1263     3.9064     4.2444     3.9333     3.1616     2.5585     2.0566     0.7432     0.4397     0.1190     0.0883     0.0619 
      5500    19     5.1539     0.0729     0.1045     0.1414     0.5306     0.8921     2.4930     3.0448     3.7972     4.7491     5.1533     4.7975     3.8811     3.0741     2.4714     0.8970     0.5287     0.1417     0.1090     0.0713 
      6000    19     6.1637     0.0848     0.1222     0.1663     0.6316     1.0786     3.0181     3.6429     4.5123     5.6525     6.1630     5.6560     4.5528     3.6720     2.9524     1.0659     0.6274     0.1675     0.1233     0.0854 
      6500    19     7.2475     0.0953     0.1394     0.1909     0.7338     1.2727     3.4474     4.2690     5.2929     6.7026     7.2469     6.7203     5.3578     4.3029     3.4521     1.2468     0.7390     0.1919     0.1318     0.1032 
      7000    19     8.2447     0.1098     0.1612     0.2208     0.8435     1.4402     3.9935     4.9891     6.1295     7.7663     8.2442     7.7596     6.2014     5.0349     4.0260     1.4417     0.8668     0.2217     0.1619     0.1106 
      7500    19     9.6802     0.1218     0.1804     0.2491     0.9659     1.6463     4.6770     5.6697     7.0387     8.9284     9.6794     8.8602     7.0423     5.7094     4.5866     1.6557     0.9688     0.2532     0.2009     0.1218 
      8000    19    10.8232     0.1390     0.2057     0.2837     1.0964     1.8779     5.2832     6.4883     8.0294    10.0020    10.8226    10.0943     8.0562     6.4911     5.2503     1.8935     1.1015     0.2841     0.2062     0.1214 
      8500    19    12.2851     0.1521     0.2275     0.3376     1.2491     2.1325     5.8904     7.3810     9.0911    11.3979    12.2845    11.4975     9.0562     7.3567     5.9008     2.1480     1.2555     0.3316     0.2412     0.1469 
      9000    19    13.7364     0.1705     0.2546     0.3538     1.3875     2.3941     6.6075     8.1675    10.2697    12.7435    13.7358    12.6480    10.2402     8.2676     6.7224     2.3957     1.4234     0.3727     0.2494     0.1806 
      9500    19    15.2561     0.1954     0.2847     0.3998     1.5453     2.7068     7.3944     9.3206    11.4120    14.1048    15.2555    14.1705    11.5251     9.1724     7.4088     2.6957     1.5538     0.4001     0.2922     0.2025 
     10000    19    17.0000     0.2061     0.3102     0.4325     1.7377     2.9560     8.2387    10.0918    12.6703    15.8091    16.9993    15.6382    12.5501    10.1997     8.3477     3.0001     1.7439     0.4597     0.3416     0.2015 
