       500     5     0.1578     0.0054     0.0744     0.1561     0.0740     0.0073 
      1000     5     0.6071     0.0216     0.2917     0.6031     0.2889     0.0291 
      1500     5     1.4051     0.0876     0.6491     1.3850     0.6403     0.0493 
      2000     5     2.3759     0.0869     1.1511     2.3637     1.1536     0.0874 
      2500     5     3.7784     0.1351     1.8248     3.7638     1.8003     0.1338 
      3000     5     5.3408     0.1902     2.6194     5.3209     2.6302     0.1996 
      3500     5     7.4107     0.2647     3.5681     7.3842     3.5157     0.2650 
      4000     5     9.6676     0.3387     4.6025     9.6332     4.6048     0.3474 
      4500     5    12.2702     0.4375     5.8235    12.2258     5.7542     0.4410 
      5000     5    15.2757     0.5414     7.1143    15.2170     7.2815     0.5391 
      5500     5    18.2335     0.6543     8.7632    18.1696     8.7256     0.6566 
      6000     5    21.6217     0.7578    10.3420    21.5496    10.3653     0.7806 
      6500     5    25.5020     0.9138    12.1836    25.4192    12.3127     0.9157 
      7000     5    29.9626     1.0599    13.8858    29.8667    14.3030     1.0615 
      7500     5    34.0194     1.2151    16.1846    33.8997    16.4666     1.1931 
      8000     5    37.8271     1.3829    18.4164    37.6954    18.4310     1.3917 
      8500     5    42.8223     1.5603    20.7659    42.7005    20.8045     1.5690 
      9000     5    49.0695     1.7331    23.3653    48.9042    23.4008     1.7552 
      9500     5    54.5642     1.9100    25.9768    54.4104    25.9533     1.9550 
     10000     5    60.4929     2.1147    28.7429    60.2990    28.7967     2.1659 
