       500    12     0.0738     0.0021     0.0022     0.0115     0.0346     0.0471     0.0710     0.0682     0.0504     0.0371     0.0131     0.0039     0.0021 
      1000    12     0.2645     0.0034     0.0136     0.0356     0.1303     0.1889     0.2589     0.2582     0.1864     0.1304     0.0340     0.0114     0.0036 
      1500    12     0.5769     0.0080     0.0169     0.0762     0.2782     0.4066     0.5651     0.5670     0.4227     0.2787     0.0754     0.0160     0.0081 
      2000    12     1.0546     0.0136     0.0287     0.1326     0.4918     0.7387     1.0418     1.0054     0.7242     0.5028     0.1329     0.0296     0.0143 
      2500    12     1.5889     0.0213     0.0432     0.2101     0.7675     1.1310     1.5706     1.5694     1.1490     0.7939     0.2082     0.0438     0.0216 
      3000    12     2.2969     0.0320     0.0669     0.2975     1.1066     1.6760     2.2560     2.2653     1.6316     1.1106     0.3003     0.0645     0.0308 
      3500    12     3.1767     0.0417     0.0876     0.4053     1.5077     2.2944     3.0752     3.1358     2.2507     1.5136     0.4060     0.0856     0.0419 
      4000    12     4.1475     0.0545     0.1106     0.5401     1.9999     2.9031     4.0361     4.0948     2.9010     1.9765     0.5414     0.1114     0.0547 
      4500    12     5.2565     0.0717     0.1407     0.6693     2.4923     3.7235     5.0849     5.1891     3.6709     2.4993     0.6979     0.1406     0.0692 
      5000    12     6.5531     0.0888     0.1803     0.8276     3.0757     4.5225     6.2757     6.4701     4.5283     3.0920     0.8584     0.1744     0.0854 
      5500    12     7.6893     0.1030     0.2161     1.0015     3.7298     5.6747     7.6006     7.5945     5.6441     3.7360     1.0025     0.2163     0.1033 
      6000    12     9.1746     0.1279     0.2495     1.2363     4.7135     6.5185     9.0314     9.0555     6.5252     4.4431     1.1929     0.2499     0.1276 
      6500    12    10.9392     0.1439     0.2930     1.4229     5.2161     7.9014    10.6169    10.8011     7.6554     5.3052     1.3989     0.2937     0.1442 
      7000    12    12.6489     0.1672     0.3509     1.6246     6.0320     8.8742    12.4764    12.4924     8.8818     6.2745     1.6234     0.3404     0.1674 
      7500    12    14.3194     0.1990     0.3895     1.8981     7.1969    10.1824    14.1257    14.1332    10.5095     6.9437     1.8682     0.3905     0.1926 
      8000    12    16.2766     0.2210     0.4432     2.1582     8.1231    11.6094    16.0805    16.0686    12.0498     7.9075     2.1247     0.4447     0.2185 
      8500    12    18.9644     0.2463     0.5003     2.4402     8.9219    13.2799    18.7596    18.1516    13.3041     8.9263     2.4066     0.5017     0.2464 
      9000    12    21.6008     0.2759     0.5613     2.6854    10.1408    15.0613    20.3311    21.3405    14.6771    10.0223     2.6956     0.5792     0.2761 
      9500    12    22.9636     0.3208     0.6253     2.9947    11.1245    16.3393    22.6709    22.6760    16.8293    11.1707     3.0517     0.6270     0.3226 
     10000    12    25.4203     0.3549     0.7142     3.3233    12.3485    18.7676    25.1195    25.0991    18.6492    12.3507     3.3248     0.6945     0.3410 
       500    12     0.0741     0.0015     0.0046     0.0119     0.0350     0.0530     0.0661     0.0708     0.0475     0.0384     0.0139     0.0034     0.0011 
      1000    12     0.2592     0.0040     0.0100     0.0369     0.1263     0.1842     0.2537     0.2537     0.1876     0.1264     0.0350     0.0073     0.0036 
      1500    12     0.5905     0.0080     0.0182     0.0769     0.2856     0.4082     0.5648     0.5802     0.4091     0.2823     0.0755     0.0158     0.0080 
      2000    12     1.0484     0.0136     0.0276     0.1351     0.4988     0.7231     1.0360     1.0045     0.7395     0.4955     0.1327     0.0281     0.0137 
      2500    12     1.6373     0.0221     0.0456     0.2152     0.7678     1.1313     1.5684     1.6154     1.1331     0.7728     0.2075     0.0437     0.0215 
      3000    12     2.2976     0.0321     0.0625     0.3095     1.1391     1.6437     2.2589     2.2698     1.6321     1.1157     0.2999     0.0627     0.0308 
      3500    12     3.2140     0.0435     0.0877     0.4054     1.5070     2.2181     3.1756     3.0786     2.2176     1.5130     0.4061     0.0892     0.0419 
      4000    12     4.0679     0.0545     0.1106     0.5483     1.9703     2.9022     4.0137     4.0199     2.9645     1.9783     0.5407     0.1115     0.0570 
      4500    12     5.2613     0.0691     0.1454     0.6906     2.5312     3.6704     5.2024     5.0904     3.6738     2.5017     0.6710     0.1408     0.0693 
      5000    12     6.3596     0.0851     0.1811     0.8273     3.0755     4.5363     6.2745     6.2853     4.7385     3.0942     0.8426     0.1739     0.0890 
      5500    12     7.8130     0.1070     0.2092     1.0026     3.7389     5.5647     7.6992     7.7155     5.5995     3.7525     1.0042     0.2104     0.1033 
      6000    12     9.2789     0.1226     0.2494     1.2282     4.4564     6.5866     9.1729     9.1067     6.5955     4.5563     1.2338     0.2498     0.1228 
      6500    12    10.8689     0.1439     0.2925     1.3977     5.2213     7.6989    10.7534    10.7197     7.6955     5.2716     1.4009     0.2939     0.1442 
      7000    12    12.4712     0.1669     0.3419     1.6253     6.0468     8.9137    12.3057    12.3275     8.8837     6.0555     1.6240     0.3404     0.1673 
      7500    12    14.3216     0.1916     0.3900     1.9227     6.9793    10.3598    14.1715    14.1534    10.3456     7.0334     1.8813     0.3902     0.1919 
      8000    12    16.3726     0.2181     0.4484     2.1618     7.9482    11.7975    16.1983    16.1802    11.7528     7.9846     2.1304     0.4449     0.2184 
      8500    12    18.5598     0.2460     0.4999     2.4173     9.0186    13.2171    18.2063    18.3318    13.1770     9.0086     2.4183     0.5016     0.2476 
      9000    12    21.0172     0.2763     0.6115     2.6893    10.0850    14.6844    20.4365    20.7711    14.8173    10.0756     2.7246     0.5640     0.2768 
      9500    12    22.9393     0.3074     0.6596     3.0027    11.1345    16.4757    22.6659    22.6629    16.3516    11.1482     2.9996     0.6266     0.3108 
     10000    12    25.7897     0.3425     0.6918     3.3278    12.3754    18.1336    25.2673    25.4477    18.1341    12.4042     3.3273     0.6939     0.3410 
