       500     7     0.1162     0.0022     0.0207     0.0829     0.1141     0.0778     0.0251     0.0034 
      1000     7     0.5190     0.0079     0.0787     0.3006     0.5137     0.3076     0.0812     0.0081 
      1500     7     1.0214     0.0179     0.1828     0.6745     1.0138     0.6753     0.1876     0.0179 
      2000     7     1.8285     0.0306     0.3192     1.2167     1.8171     1.2078     0.3219     0.0319 
      2500     7     2.8236     0.0494     0.5035     1.8900     2.8079     1.8979     0.5008     0.0495 
      3000     7     4.0223     0.0691     0.7155     2.7366     4.0018     2.7001     0.7219     0.0714 
      3500     7     5.5541     0.0936     0.9694     3.7542     5.5240     3.7067     0.9780     0.0974 
      4000     7     7.0824     0.1267     1.2592     4.8551     7.0474     4.8378     1.2767     0.1270 
      4500     7     9.0281     0.1599     1.6380     5.9957     8.9886     6.0750     1.6377     0.1548 
      5000     7    11.1358     0.1981     1.9634     7.5694    11.0816     7.4488     2.0226     0.1985 
      5500     7    13.6881     0.2389     2.3768     9.0576    13.6124     9.0694     2.4572     0.2394 
      6000     7    16.1620     0.2832     2.8702    10.7590    16.0917    10.9913     2.8780     0.2839 
      6500     7    19.0374     0.3334     3.3553    12.5025    18.9414    12.8272     3.3640     0.3355 
      7000     7    22.1271     0.3726     3.8857    14.9145    22.0259    14.8145     3.9017     0.3861 
      7500     7    25.0569     0.4419     4.5190    17.0178    24.9273    16.9627     4.4694     0.4488 
      8000     7    28.7730     0.4868     5.0847    19.4439    28.6623    18.9630     5.1113     0.5031 
      8500     7    32.3011     0.5480     5.7707    21.3808    32.1610    21.8795     5.8086     0.5693 
      9000     7    36.5343     0.6354     6.3947    25.1969    36.3571    24.6088     6.4940     0.6377 
      9500     7    40.2567     0.6846     7.2472    27.1117    40.0896    27.1022     7.3064     0.7105 
     10000     7    44.9518     0.7871     7.9688    30.1205    44.7504    30.3271     7.9419     0.7859 
