       500     2     0.3135     0.3134     0.0000 
      1000     2     0.6275     0.6275     0.6264 
      1500     2     1.4425     1.4424     1.3564 
      2000     2     2.4948     2.4851     2.4946 
      2500     2     3.8960     3.8959     3.8923 
      3000     2     5.6099     5.6098     5.6059 
      3500     2     7.6353     7.6352     7.6256 
      4000     2     9.9733     9.9732     9.9710 
      4500     2    12.6143    12.6102    12.6140 
      5000     2    15.5728    15.5727    15.5637 
      5500     2    18.8449    18.8443    18.8441 
      6000     2    22.4204    22.4203    22.4190 
      6500     2    26.3194    26.3109    26.3180 
      7000     2    30.5201    30.5200    30.5121 
      7500     2    35.0279    35.0276    35.0276 
      8000     2    39.8677    39.8677    39.8663 
      8500     2    45.0084    45.0003    45.0074 
      9000     2    50.4576    50.4575    50.4482 
      9500     2    56.2002    56.1999    56.1996 
     10000     2    62.2683    62.2681    62.2674 
