       500    15     0.0609     0.0014     0.0031     0.0064     0.0173     0.0331     0.0407     0.0528     0.0576     0.0559     0.0381     0.0300     0.0163     0.0050     0.0019     0.0010 
      1000    15     0.2189     0.0029     0.0065     0.0154     0.0386     0.1079     0.1404     0.1915     0.2133     0.1966     0.1384     0.1117     0.0403     0.0158     0.0050     0.0027 
      1500    15     0.4831     0.0057     0.0117     0.0331     0.0850     0.2421     0.3127     0.4391     0.4739     0.4426     0.3105     0.2497     0.0861     0.0330     0.0100     0.0059 
      2000    15     0.8561     0.0105     0.0182     0.0567     0.1500     0.4459     0.5534     0.7552     0.8424     0.7583     0.5506     0.4472     0.1535     0.0573     0.0176     0.0101 
      2500    15     1.3493     0.0165     0.0274     0.0885     0.2348     0.6763     0.8632     1.1848     1.3294     1.1964     0.8627     0.6801     0.2392     0.0914     0.0275     0.0158 
      3000    15     1.9187     0.0228     0.0395     0.1275     0.3394     0.9699     1.2564     1.7030     1.8908     1.7375     1.2415     0.9709     0.3415     0.1328     0.0395     0.0237 
      3500    15     2.6150     0.0326     0.0587     0.1735     0.4615     1.3289     1.6898     2.3167     2.5762     2.3220     1.7101     1.3225     0.4871     0.1747     0.0555     0.0310 
      4000    15     3.4507     0.0404     0.0701     0.2328     0.6139     1.7432     2.2301     3.0326     3.3950     3.1100     2.2248     1.7801     0.6083     0.2292     0.0703     0.0405 
      4500    15     4.3271     0.0512     0.0887     0.2874     0.7645     2.2169     2.8395     3.8354     4.2634     3.8387     2.7892     2.1868     0.7675     0.2885     0.0888     0.0512 
      5000    15     5.4452     0.0630     0.1095     0.3544     0.9484     2.7443     3.4859     4.7636     5.3710     4.7733     3.4645     2.7194     0.9805     0.3639     0.1097     0.0632 
      5500    15     6.4486     0.0796     0.1325     0.4289     1.1398     3.3439     4.1690     5.7280     6.3553     5.7368     4.1680     3.3757     1.1481     0.4437     0.1369     0.0798 
      6000    15     7.6593     0.0908     0.1589     0.5111     1.3588     3.8816     4.9788     6.8170     7.5585     6.8266     5.0573     3.8887     1.3992     0.5225     0.1576     0.0949 
      6500    15     9.0023     0.1067     0.1853     0.5991     1.5928     4.5553     5.8318     8.1538     8.8770     8.0088     5.8223     4.6349     1.6409     0.6143     0.1852     0.1067 
      7000    15    10.4395     0.1248     0.2244     0.7096     1.8500     5.2841     6.9296     9.5319    10.2908     9.5549     6.7480     5.3701     1.8749     0.6986     0.2146     0.1238 
      7500    15    12.2717     0.1419     0.2462     0.8008     2.1278     6.0889     7.7487    10.6618    12.1076    10.8901     7.7986     6.0741     2.1328     0.8008     0.2548     0.1483 
      8000    15    13.6397     0.1613     0.2908     0.9371     2.4168     6.9035     9.0340    12.4522    13.4419    12.4411     8.8233     6.9637     2.4359     0.9399     0.2886     0.1615 
      8500    15    15.3863     0.1899     0.3164     1.0395     2.7979     7.8005     9.9679    13.7097    15.1769    14.0509    10.0524     7.8019     2.8436     1.0499     0.3260     0.1824 
      9000    15    17.5995     0.2043     0.3776     1.1670     3.0755     8.7419    11.1834    15.5597    17.3531    15.5873    11.2353     8.7680     3.1103     1.1731     0.3543     0.2126 
      9500    15    19.4239     0.2380     0.3949     1.3067     3.4299     9.9491    12.4723    17.1180    19.1631    17.1082    12.5488     9.7486     3.4615     1.3594     0.3952     0.2393 
     10000    15    21.4713     0.2523     0.4595     1.4187     3.7958    10.7942    13.8806    18.9890    21.1814    19.3478    13.9243    10.9798     3.9359     1.4308     0.4376     0.2524 
