       500     8     0.3189     0.3187     0.0000     0.0000     0.0000     0.0000     0.0000     0.0000     0.0000 
      1000     8     0.5855     0.5853     0.0604     0.5701     0.0614     0.0000     0.0000     0.0000     0.0000 
      1500     8     0.8087     0.0790     0.0431     0.3514     0.6180     0.3440     0.8084     0.0817     0.6247 
      2000     8     0.8418     0.8235     0.5497     0.6903     0.5225     0.5061     0.8295     0.5160     0.6709 
      2500     8     1.0786     1.0219     1.0784     1.0476     1.0285     1.0030     1.0326     1.0069     1.0368 
      3000     8     1.5500     1.5497     1.4005     1.3833     1.3843     1.3769     1.5256     1.3889     1.3785 
      3500     8     2.0301     1.9981     2.0015     2.0299     1.9919     1.9965     2.0114     1.9692     1.9771 
      4000     8     2.5252     2.5140     2.5166     2.5165     2.5250     2.5204     2.5021     2.5132     2.5247 
      4500     8     3.1695     3.1676     3.1625     3.1625     3.1693     3.1623     3.1601     3.1607     3.1590 
      5000     8     3.9102     3.9021     3.9045     3.9029     3.8936     3.9006     3.8935     3.9093     3.9014 
      5500     8     4.7205     4.7183     4.7187     4.7203     4.7131     4.7190     4.7185     4.7148     4.7035 
      6000     8     5.6213     5.6209     5.6132     5.6133     5.6211     5.6132     5.6062     5.6131     5.6134 
      6500     8     6.6531     6.6444     6.6431     6.6512     6.6513     6.6513     6.6435     6.6528     6.6506 
      7000     8     7.7724     7.7714     7.7715     7.7631     7.7676     7.7701     7.7639     7.7706     7.7344 
      7500     8     8.8732     8.8637     8.8730     8.8637     8.8648     8.8705     8.8707     8.8516     8.8727 
      8000     8    10.0472    10.0440    10.0405    10.0344    10.0448    10.0470    10.0397    10.0391    10.0449 
      8500     8    11.4255    11.4231    11.4189    11.4252    11.4166    11.4177    11.4136    11.4067    11.4176 
      9000     8    12.7619    12.7608    12.7543    12.7616    12.7526    12.7518    12.7616    12.7608    12.7616 
      9500     8    14.1977    14.1851    14.1851    14.1972    14.1974    14.1869    14.1883    14.1857    14.1927 
     10000     8    15.5698    15.5615    15.5617    15.5677    15.5692    15.5673    15.5688    15.5692    15.5567 
