       500    20     0.0471     0.0006     0.0014     0.0026     0.0062     0.0108     0.0206     0.0264     0.0312     0.0379     0.0418     0.0422     0.0377     0.0292     0.0248     0.0190     0.0078     0.0048     0.0011     0.0007     0.0006 
      1000    20     0.1635     0.0019     0.0031     0.0059     0.0160     0.0269     0.0674     0.0905     0.1089     0.1568     0.1572     0.1571     0.1403     0.1066     0.0899     0.0835     0.0228     0.0134     0.0040     0.0028     0.0021 
      1500    20     0.3729     0.0042     0.0063     0.0099     0.0309     0.0516     0.1480     0.2012     0.2385     0.3129     0.3636     0.3513     0.3388     0.2388     0.2149     0.1492     0.0506     0.0294     0.0091     0.0060     0.0040 
      2000    20     0.6407     0.0075     0.0105     0.0153     0.0514     0.0907     0.2663     0.3559     0.4263     0.5576     0.6224     0.6267     0.5582     0.4244     0.3566     0.2649     0.0904     0.0521     0.0153     0.0110     0.0072 
      2500    20     0.9935     0.0112     0.0164     0.0239     0.0804     0.1398     0.4106     0.5562     0.6622     0.8695     0.9711     0.9721     0.8715     0.6632     0.5617     0.4135     0.1402     0.0814     0.0241     0.0165     0.0112 
      3000    20     1.4290     0.0160     0.0236     0.0345     0.1156     0.2044     0.5936     0.8011     0.9533     1.2525     1.3957     1.3995     1.2548     0.9549     0.8048     0.5946     0.2015     0.1168     0.0344     0.0246     0.0161 
      3500    20     1.9576     0.0223     0.0326     0.0469     0.1589     0.2740     0.8053     1.0964     1.2975     1.7043     1.9216     1.9047     1.7223     1.2991     1.0915     0.8094     0.2744     0.1591     0.0469     0.0322     0.0219 
      4000    20     2.5414     0.0285     0.0419     0.0625     0.2093     0.3579     1.0522     1.4537     1.6962     2.2732     2.4833     2.4873     2.2301     1.7020     1.4603     1.0602     0.3586     0.2076     0.0612     0.0420     0.0286 
      4500    20     3.2792     0.0361     0.0531     0.0775     0.2606     0.4526     1.3494     1.8223     2.1740     2.8570     3.1657     3.2120     2.8297     2.1722     1.8277     1.3491     0.4533     0.2621     0.0774     0.0533     0.0362 
      5000    20     3.9692     0.0461     0.0655     0.0956     0.3218     0.5626     1.6464     2.2274     2.6570     3.5065     3.8902     3.8906     3.5010     2.6879     2.2568     1.6964     0.5634     0.3241     0.0955     0.0656     0.0457 
      5500    20     4.8391     0.0540     0.0797     0.1155     0.3896     0.6788     2.0014     2.7401     3.2064     4.2121     4.7259     4.7447     4.2503     3.2766     2.7938     2.0165     0.6797     0.3914     0.1155     0.0793     0.0540 
      6000    20     5.7353     0.0680     0.0943     0.1399     0.4659     0.8053     2.3888     3.2282     3.8192     5.0728     5.6051     5.6245     5.0839     3.8688     3.2361     2.4056     0.8086     0.4656     0.1375     0.0956     0.0662 
      6500    20     6.6962     0.0776     0.1107     0.1614     0.5453     0.9459     2.7823     3.7657     4.5065     5.8859     6.5765     6.5641     5.8914     4.4945     3.7838     2.8028     0.9451     0.5522     0.1612     0.1137     0.0756 
      7000    20     7.8778     0.0872     0.1312     0.1876     0.6515     1.0963     3.2470     4.4007     5.2571     6.8633     7.7264     7.6928     6.9344     5.2171     4.3823     3.2681     1.1135     0.6374     0.1871     0.1284     0.0877 
      7500    20     8.9211     0.1003     0.1474     0.2155     0.7254     1.2579     3.7227     5.0365     5.9774     7.9095     8.7329     8.7471     7.8893     6.0065     5.0901     3.7418     1.2621     0.7288     0.2150     0.1479     0.1004 
      8000    20    10.1951     0.1140     0.1678     0.2443     0.8243     1.4308     4.2528     5.7355     6.8780     8.9399     9.9475    10.0005     8.9700     6.8068     5.7766     4.2522     1.4493     0.8320     0.2448     0.1676     0.1142 
      8500    20    11.4738     0.1286     0.1956     0.2757     0.9303     1.6157     4.7715     6.4659     7.6942    10.0905    11.2159    11.2523    10.0716     7.7359     6.4454     4.7724     1.6190     0.9350     0.2759     0.1891     0.1287 
      9000    20    12.8439     0.1484     0.2123     0.3100     1.0456     1.8145     5.3383     7.2233     8.6479    11.3242    12.6058    12.5918    11.3326     8.6039     7.2223     5.4115     1.8376     1.0520     0.3240     0.2123     0.1467 
      9500    20    14.3745     0.1637     0.2367     0.3444     1.1658     2.0205     5.9499     8.0506     9.6118    12.6358    14.0808    14.1015    12.6129     9.6077     8.0479     6.0480     2.0440     1.1750     0.3494     0.2363     0.1634 
     10000    20    15.9006     0.1781     0.2621     0.3891     1.3059     2.2425     6.5979     8.9392    10.6296    13.9497    15.5831    15.5903    13.9970    10.6269     8.9200     6.6095     2.2694     1.3117     0.3853     0.2619     0.1957 
