       500     7     0.3158     0.3156     0.0000     0.0000     0.0000     0.0000     0.0000     0.0000 
      1000     7     0.5677     0.0538     0.5642     0.5675     0.0582     0.0000     0.0000     0.0000 
      1500     7     0.7858     0.0766     0.1160     0.3678     0.5987     0.6497     0.7855     0.3435 
      2000     7     0.8345     0.8343     0.8208     0.6645     0.6664     0.7319     0.6552     0.6654 
      2500     7     1.1840     1.1283     1.1838     1.1621     1.1469     1.1664     1.1036     1.1256 
      3000     7     1.7410     1.5839     1.7146     1.7408     1.5734     1.5819     1.5645     1.6522 
      3500     7     2.4371     2.2041     2.2000     2.4369     2.2469     2.1833     2.3739     2.1954 
      4000     7     2.9516     2.9360     2.9400     2.9398     2.9353     2.9391     2.9389     2.9301 
      4500     7     3.6283     3.6223     3.6273     3.6262     3.6213     3.6198     3.6190     3.6280 
      5000     7     4.4806     4.4732     4.4790     4.4743     4.4802     4.4666     4.4677     4.4804 
      5500     7     5.3662     5.3548     5.3554     5.3605     5.3581     5.3636     5.3659     5.3630 
      6000     7     6.3997     6.3972     6.3984     6.3983     6.3980     6.3994     6.3978     6.3993 
      6500     7     7.5011     7.4986     7.4941     7.5009     7.4987     7.4962     7.4961     7.4845 
      7000     7     8.7064     8.6998     8.6994     8.6997     8.7062     8.6867     8.6900     8.6895 
      7500     7     9.9565     9.9550     9.9563     9.9495     9.9541     9.9495     9.9420     9.9526 
      8000     7    11.3320    11.3290    11.3293    11.3288    11.3280    11.3193    11.3285    11.3133 
      8500     7    12.8329    12.8270    12.8253    12.8290    12.8279    12.8278    12.8308    12.8203 
      9000     7    14.5554    14.5531    14.5534    14.5527    14.5532    14.5481    14.5527    14.5551 
      9500     7    15.9665    15.9613    15.9638    15.9644    15.9639    15.9563    15.9662    15.9562 
     10000     7    17.6936    17.6871    17.6934    17.6854    17.6895    17.6854    17.6853    17.6867 
