       500    11     0.3159     0.3157     0.0000     0.0000     0.0000     0.0000     0.0000     0.0000     0.0000     0.0000     0.0000     0.0000 
      1000    11     0.5723     0.0528     0.5630     0.0000     0.0000     0.0000     0.5719     0.0582     0.0000     0.0000     0.0000     0.0000 
      1500    11     0.7883     0.0268     0.0746     0.3201     0.6015     0.7879     0.6031     0.3206     0.0755     0.0261     0.0000     0.0000 
      2000    11     0.7992     0.1723     0.3928     0.1141     0.1251     0.3598     0.4916     0.7860     0.7770     0.6777     0.6390     0.5057 
      2500    11     0.8980     0.8978     0.8438     0.8359     0.7452     0.7234     0.6315     0.6309     0.6658     0.6663     0.6307     0.6486 
      3000    11     1.2070     1.0606     1.0605     1.0600     1.0485     1.0603     1.0612     1.2066     1.0426     1.1553     1.0521     1.0540 
      3500    11     1.5687     1.3713     1.3697     1.3802     1.3598     1.4260     1.4320     1.5675     1.3461     1.3834     1.3538     1.3312 
      4000    11     1.8717     1.8069     1.8044     1.8066     1.8021     1.8011     1.8427     1.7789     1.7904     1.8046     1.8052     1.8035 
      4500    11     2.3783     2.3357     2.3688     2.3779     2.2477     2.2507     2.2500     2.2789     2.2507     2.2560     2.3510     2.2481 
      5000    11     2.8576     2.7868     2.8233     2.8230     2.8262     2.7855     2.7837     2.7727     2.7650     2.7835     2.7694     2.8312 
      5500    11     3.4314     3.3772     3.3747     3.3740     3.3986     3.3683     3.3740     3.3665     3.4278     3.3658     3.3651     3.3197 
      6000    11     3.9798     3.9791     3.9796     3.9793     3.9743     3.9765     3.9772     3.9759     3.9752     3.9705     3.9664     3.9621 
      6500    11     4.7287     4.7204     4.7245     4.7258     4.7214     4.7271     4.7206     4.7248     4.7168     4.7238     4.7177     4.6856 
      7000    11     5.4765     5.4688     5.4762     5.4680     5.4713     5.4691     5.4745     5.4664     5.4688     5.4717     5.4500     5.4346 
      7500    11     6.3730     6.3703     6.3728     6.3725     6.3724     6.3657     6.3469     6.3436     6.3576     6.3725     6.3661     6.3540 
      8000    11     7.1270     7.1240     7.1240     7.1165     7.1165     7.1154     7.1204     7.1114     7.1116     7.1186     7.1161     7.1068 
      8500    11     8.0158     8.0084     8.0073     8.0155     8.0073     7.9900     8.0133     8.0115     8.0154     7.9899     7.9810     7.9818 
      9000    11     8.9304     8.9229     8.9219     8.9220     8.9219     8.9218     8.9301     8.9219     8.9219     8.9217     8.9043     8.9018 
      9500    11     9.9859     9.9818     9.9817     9.9854     9.9854     9.9814     9.9852     9.9815     9.9817     9.9856     9.9852     9.9782 
     10000    11    11.0288    11.0246    11.0286    11.0256    11.0248    11.0241    11.0240    11.0276    11.0241    11.0247    11.0240    11.0248 
