       500     1     0.3140     0.3138 
      1000     1     1.2053     1.2052 
      1500     1     2.7073     2.7071 
      2000     1     4.8155     4.8154 
      2500     1     7.5224     7.5222 
      3000     1    10.8387    10.8386 
      3500     1    14.7294    14.7293 
      4000     1    19.2455    19.2453 
      4500     1    24.3491    24.3489 
      5000     1    30.0863    30.0855 
      5500     1    36.4163    36.4161 
      6000     1    43.3479    43.3478 
      6500     1    50.8394    50.8392 
      7000     1    59.0020    59.0018 
      7500     1    67.7327    67.7326 
      8000     1    77.0622    77.0621 
      8500     1    86.9400    86.9398 
      9000     1    97.4865    97.4863 
      9500     1   108.6012   108.6010 
     10000     1   120.3060   120.3059 
