       500     6     0.1211     0.0026     0.0467     0.1112     0.1185     0.0485     0.0061 
      1000     6     0.4445     0.0106     0.1603     0.4383     0.4401     0.1619     0.0109 
      1500     6     1.0133     0.0248     0.3600     1.0053     0.9987     0.3588     0.0242 
      2000     6     1.8494     0.0427     0.6419     1.8310     1.8372     0.6494     0.0432 
      2500     6     2.7979     0.0666     0.9912     2.7718     2.7784     1.0158     0.0673 
      3000     6     4.0123     0.0966     1.4295     3.9891     3.9858     1.4326     0.0971 
      3500     6     5.4795     0.1313     1.9748     5.4538     5.4141     1.9528     0.1320 
      4000     6     7.0532     0.1710     2.5638     7.0205     7.0153     2.5607     0.1722 
      4500     6     8.9347     0.2160     3.2162     8.8809     8.8857     3.2263     0.2190 
      5000     6    11.0376     0.2669     4.0010    10.9685    10.9815     4.0531     0.2684 
      5500     6    14.0767     0.3231     4.8040    13.3621    14.0044     4.8109     0.3247 
      6000     6    16.1215     0.3830     5.8241    15.9267    16.0385     5.7277     0.3845 
      6500     6    18.6480     0.4518     6.7020    18.5337    18.5511     6.7283     0.4541 
      7000     6    22.0433     0.5210     7.7845    21.7907    21.9279     7.8081     0.5246 
      7500     6    25.5495     0.5997     9.3745    24.9840    25.4233     9.2703     0.6032 
      8000     6    28.7020     0.6801    10.1627    28.4425    28.5829    10.2403     0.6847 
      8500     6    31.8868     0.7678    11.4783    31.6611    31.7047    11.5058     0.7757 
      9000     6    36.1977     0.8627    12.8551    35.9451    35.9949    13.1270     0.8627 
      9500     6    40.5589     0.9679    14.3551    40.3995    40.0389    14.3644     0.9655 
     10000     6    44.1190     1.0670    15.8669    43.8793    43.9091    15.9170     1.0706 
