       500    19     0.3328     0.3325     0.0000     0.0000     0.0000     0.0000     0.0000     0.0000     0.0000     0.0000     0.0000     0.0000     0.0000     0.0000     0.0000     0.0000     0.0000     0.0000     0.0000     0.0000 
      1000    19     0.5983     0.0574     0.5980     0.5748     0.0580     0.0000     0.0000     0.0000     0.0000     0.0000     0.0000     0.0000     0.0000     0.0000     0.0000     0.0000     0.0000     0.0000     0.0000     0.0000 
      1500    19     0.7900     0.0257     0.0740     0.3206     0.6038     0.7895     0.6659     0.3383     0.0765     0.0258     0.0000     0.0000     0.0000     0.0000     0.0000     0.0000     0.0000     0.0000     0.0000     0.0000 
      2000    19     0.8349     0.0232     0.0322     0.0544     0.1285     0.3772     0.5060     0.6397     0.7824     0.8344     0.6427     0.4932     0.3836     0.1261     0.0534     0.0321     0.0232     0.0000     0.0000     0.0000 
      2500    19     0.8352     0.1392     0.1033     0.0624     0.0654     0.0898     0.1294     0.2480     0.4295     0.4853     0.5568     0.7013     0.7748     0.8347     0.7885     0.6993     0.5719     0.4879     0.4322     0.2687 
      3000    19     0.8104     0.7783     0.7406     0.6431     0.5633     0.5202     0.4754     0.4960     0.4033     0.3962     0.4030     0.4226     0.4671     0.4958     0.5481     0.6346     0.7269     0.7787     0.7955     0.8098 
      3500    19     0.8659     0.7706     0.7493     0.7640     0.7923     0.8098     0.8455     0.8154     0.7947     0.8047     0.8068     0.7711     0.7503     0.7542     0.8444     0.8563     0.8653     0.8436     0.7486     0.7531 
      4000    19     1.1429     1.0285     1.0149     1.0315     1.0386     1.0475     1.0143     1.0534     1.1424     1.1105     1.0326     1.0121     1.0129     1.0135     1.0346     1.0160     1.0400     1.0101     1.0818     1.1318 
      4500    19     1.4374     1.3085     1.3830     1.4371     1.3172     1.2952     1.2976     1.3254     1.2971     1.2955     1.3015     1.2988     1.3407     1.3012     1.3344     1.3065     1.3204     1.3395     1.3741     1.3370 
      5000    19     1.7336     1.5571     1.5530     1.5573     1.5529     1.5603     1.5636     1.5784     1.6640     1.6955     1.7166     1.7083     1.7078     1.6298     1.7192     1.5602     1.7330     1.6758     1.5743     1.5566 
      5500    19     2.0168     1.9315     1.9576     1.9291     1.9544     1.9361     1.9617     1.9315     1.9296     1.9297     1.9361     1.9713     2.0162     1.9364     1.9290     1.9276     1.9367     1.9581     2.0033     1.9353 
      6000    19     2.4117     2.3106     2.3552     2.3608     2.4113     2.4026     2.3430     2.3931     2.3120     2.3155     2.3123     2.3041     2.3053     2.3130     2.4080     2.3150     2.3141     2.3963     2.3071     2.3054 
      6500    19     2.7744     2.7475     2.7469     2.7434     2.7430     2.7488     2.7411     2.7576     2.7484     2.7344     2.7375     2.7739     2.7458     2.7364     2.7427     2.7364     2.7387     2.7466     2.7418     2.7430 
      7000    19     3.2099     3.1954     3.2044     3.1971     3.2017     3.2017     3.2027     3.2077     3.2042     3.2001     3.2002     3.1950     3.2091     3.2064     3.1979     3.1981     3.2033     3.2014     3.2093     3.2035 
      7500    19     3.6730     3.6720     3.6647     3.6703     3.6625     3.6685     3.6653     3.6711     3.6726     3.6721     3.6650     3.6662     3.6664     3.6630     3.6667     3.6685     3.6654     3.6722     3.6714     3.6716 
      8000    19     4.1424     4.1337     4.1354     4.1323     4.1331     4.1385     4.1415     4.1318     4.1341     4.1338     4.1380     4.1380     4.1357     4.1359     4.1385     4.1332     4.1384     4.1386     4.1418     4.1369 
      8500    19     4.6861     4.6808     4.6773     4.6859     4.6839     4.6831     4.6757     4.6753     4.6804     4.6751     4.6784     4.6843     4.6816     4.6847     4.6837     4.6791     4.6834     4.6818     4.6734     4.6754 
      9000    19     5.2766     5.2750     5.2721     5.2754     5.2690     5.2750     5.2681     5.2681     5.2680     5.2759     5.2720     5.2759     5.2761     5.2686     5.2691     5.2677     5.2673     5.2672     5.2698     5.2721 
      9500    19     5.8279     5.8219     5.8169     5.8195     5.8276     5.8211     5.8261     5.8211     5.8213     5.8205     5.8211     5.8211     5.8263     5.8174     5.8145     5.8267     5.8172     5.8256     5.8259     5.8200 
     10000    19     6.4791     6.4758     6.4720     6.4694     6.4721     6.4753     6.4719     6.4714     6.4726     6.4787     6.4745     6.4743     6.4658     6.4720     6.4783     6.4753     6.4717     6.4716     6.4727     6.4687 
