       500     3     0.2229     0.0446     0.2216     0.0438 
      1000     3     0.8914     0.1665     0.8877     0.1717 
      1500     3     2.0141     0.3800     2.0093     0.3775 
      2000     3     3.4768     0.6765     3.4686     0.6814 
      2500     3     5.4169     1.0581     5.4057     1.0660 
      3000     3     8.0426     1.5214     8.0277     1.5043 
      3500     3    10.8888     2.0723    10.8718     2.0555 
      4000     3    13.9105     2.6805    13.8850     2.7239 
      4500     3    18.0546     3.4307    18.0274     3.3783 
      5000     3    21.6991     4.2404    21.6666     4.2424 
      5500     3    26.5852     5.1298    26.5358     5.0661 
      6000     3    31.1573     6.0974    31.0874     6.1135 
      6500     3    37.5358     7.0283    37.4602     7.2516 
      7000     3    43.5443     8.2994    43.4824     8.1887 
      7500     3    48.8145     9.5163    48.7315     9.5522 
      8000     3    56.7540    10.6765    56.6553    10.9170 
      8500     3    63.9315    12.0688    63.8117    12.2619 
      9000     3    70.3179    13.7521    70.2054    13.7143 
      9500     3    80.1263    15.0520    79.9706    15.3171 
     10000     3    88.6695    16.8783    88.5169    16.7634 
