       500     1     0.3094     0.3093 
      1000     1     1.1999     1.1998 
      1500     1     2.6997     2.6995 
      2000     1     4.8024     4.8023 
      2500     1     7.4988     7.4986 
      3000     1    10.8020    10.8019 
      3500     1    14.7056    14.7054 
      4000     1    19.2042    19.2041 
      4500     1    24.2946    24.2944 
      5000     1    30.0191    30.0190 
      5500     1    36.2956    36.2955 
      6000     1    43.2089    43.2088 
      6500     1    50.6809    50.6807 
      7000     1    58.7718    58.7717 
      7500     1    67.5030    67.5029 
      8000     1    76.8153    76.8152 
      8500     1    86.7499    86.7497 
      9000     1    97.2496    97.2495 
      9500     1   108.3480   108.3478 
     10000     1   120.0714   120.0713 
