       500    10     0.0817     0.0018     0.0070     0.0284     0.0549     0.0794     0.0758     0.0546     0.0271     0.0070     0.0018 
      1000    10     0.3023     0.0047     0.0185     0.0886     0.1951     0.2950     0.2973     0.1961     0.0910     0.0178     0.0044 
      1500    10     0.6719     0.0099     0.0378     0.1975     0.4378     0.6614     0.6636     0.4390     0.1995     0.0380     0.0104 
      2000    10     1.1944     0.0176     0.0666     0.3518     0.7789     1.1754     1.1819     0.7799     0.3545     0.0809     0.0177 
      2500    10     1.8589     0.0275     0.1042     0.5503     1.2186     1.8358     1.8404     1.2185     0.5527     0.1156     0.0276 
      3000    10     2.6778     0.0395     0.1501     0.7913     1.7517     2.6455     2.6509     1.7544     0.7953     0.1690     0.0398 
      3500    10     3.6477     0.0544     0.2049     1.0823     2.4058     3.6035     3.6110     2.3950     1.1053     0.2065     0.0567 
      4000    10     4.7572     0.0703     0.2667     1.4081     3.1162     4.7046     4.7115     3.1200     1.4135     0.2682     0.0707 
      4500    10     6.0251     0.0890     0.3375     1.7818     3.9496     5.9541     5.9656     3.9486     1.7878     0.3398     0.1073 
      5000    10     7.4359     0.1155     0.4194     2.2054     4.8764     7.3737     7.3628     4.8814     2.2263     0.4417     0.1136 
      5500    10     9.0446     0.1329     0.5045     2.6636     5.8942     8.8990     8.9594     5.9026     2.6757     0.5061     0.1333 
      6000    10    10.6985     0.1582     0.6015     3.1708     7.0327    10.5869    10.5970     7.0237     3.1829     0.6032     0.1585 
      6500    10    12.5804     0.1855     0.7042     3.7721     8.2431    12.4806    12.4502     8.2814     3.7783     0.7075     0.1857 
      7000    10    14.6074     0.2153     0.8172     4.3216     9.5550    14.4432    14.4696     9.5659     4.3377     0.8192     0.2165 
      7500    10    16.7223     0.2472     0.9384     4.9618    10.9666    16.5460    16.5642    10.9724     4.9969     0.9427     0.2473 
      8000    10    19.0460     0.2816     1.0675     5.6771    12.4943    18.8792    18.8675    12.5215     5.6669     1.0697     0.2811 
      8500    10    21.5101     0.3174     1.2044     6.3732    14.0959    21.2534    21.3075    14.0957     6.3881     1.2099     0.3174 
      9000    10    24.0904     0.3559     1.3508     7.1466    15.8013    23.8539    23.8642    15.8037     7.1665     1.3586     0.3560 
      9500    10    26.8174     0.3963     1.5051     7.9611    17.6140    26.5718    26.5636    17.6226     7.9832     1.5185     0.3968 
     10000    10    29.7280     0.4421     1.6721     8.8443    19.5083    29.4303    29.4490    19.5600     8.8459     1.7081     0.4395 
