       500    17     0.0644     0.0017     0.0026     0.0047     0.0171     0.0310     0.0420     0.0495     0.0590     0.0640     0.0591     0.0487     0.0433     0.0319     0.0175     0.0050     0.0029     0.0017 
      1000    17     0.2023     0.0063     0.0103     0.0170     0.0412     0.0771     0.1152     0.1450     0.1780     0.2018     0.1889     0.1425     0.1197     0.0804     0.0404     0.0194     0.0104     0.0064 
      1500    17     0.4363     0.0129     0.0189     0.0308     0.0702     0.1560     0.2665     0.3067     0.4008     0.4359     0.3994     0.3107     0.2515     0.1583     0.0736     0.0301     0.0213     0.0153 
      2000    17     0.7642     0.0214     0.0301     0.0419     0.1156     0.2644     0.4352     0.5346     0.7151     0.7638     0.7007     0.5581     0.4627     0.2871     0.1325     0.0438     0.0307     0.0220 
      2500    17     1.1996     0.0282     0.0374     0.0572     0.1724     0.4197     0.6683     0.8439     1.0895     1.1991     1.0876     0.8309     0.6694     0.4076     0.1730     0.0580     0.0398     0.0307 
      3000    17     1.7263     0.0366     0.0493     0.0762     0.2424     0.5721     0.9733     1.1890     1.5593     1.7258     1.5641     1.1888     0.9578     0.5935     0.2391     0.0787     0.0469     0.0392 
      3500    17     2.3303     0.0418     0.0586     0.0952     0.3443     0.7774     1.3009     1.6313     2.1350     2.3298     2.1327     1.6168     1.3161     0.8069     0.3356     0.0958     0.0585     0.0415 
      4000    17     3.0108     0.0497     0.0717     0.1206     0.4162     1.0249     1.6965     2.1226     2.8334     3.0103     2.7694     2.1042     1.6897     1.0197     0.4174     0.1201     0.0569     0.0494 
      4500    17     3.7974     0.0611     0.0889     0.1499     0.5224     1.2719     2.1370     2.6922     3.4934     3.7968     3.6367     2.6659     2.1553     1.2937     0.5268     0.1385     0.0915     0.0622 
      5000    17     4.6964     0.0717     0.1060     0.1811     0.6527     1.5715     2.6579     3.2874     4.4360     4.6958     4.3888     3.3570     2.6662     1.6083     0.6544     0.1830     0.1090     0.0731 
      5500    17     5.7683     0.0806     0.1220     0.2130     0.7739     1.8959     3.1859     3.9652     5.2129     5.7677     5.2129     3.9808     3.1916     1.9060     0.7579     0.2139     0.1314     0.0804 
      6000    17     6.8495     0.0932     0.1426     0.2918     0.9436     2.2683     3.8176     4.7303     6.3134     6.8490     6.2991     4.7456     3.8175     2.2647     0.9179     0.2685     0.1422     0.0822 
      6500    17     7.9810     0.1112     0.1692     0.3086     1.1084     2.6875     4.6359     5.7044     7.3196     7.9804     7.3225     5.5906     4.5381     2.6961     1.0629     0.2993     0.1890     0.1099 
      7000    17     9.2124     0.1236     0.1906     0.3381     1.2417     3.1111     5.1616     6.4319     8.5730     9.2118     8.4693     6.4661     5.2228     3.1294     1.2450     0.3558     0.1846     0.1232 
      7500    17    10.6191     0.1362     0.2133     0.3828     1.4243     3.5423     5.9281     7.3738     9.6882    10.6185     9.9386     7.4566     5.9689     3.5817     1.4273     0.3861     0.2151     0.1382 
      8000    17    12.0485     0.1584     0.2760     0.4392     1.6376     4.0397     6.7521     8.5940    11.1633    12.0479    11.1896     8.4559     6.8487     4.0889     1.6483     0.4656     0.2526     0.1609 
      8500    17    13.6041     0.1718     0.2707     0.5006     1.8432     4.5567     7.6291     9.4941    12.4851    13.6035    12.6893     9.6003     7.6445     4.7225     1.8811     0.5175     0.3020     0.1613 
      9000    17    15.2882     0.1910     0.3020     0.5456     2.0553     5.1049     8.6998    10.6416    14.1699    15.2876    13.9753    10.7279     8.5877     5.1563     2.0733     0.5841     0.3239     0.1907 
      9500    17    17.1179     0.2108     0.3350     0.6077     2.3265     5.7148     9.6722    11.9833    15.5662    17.1173    15.7816    11.8627     9.6459     5.7228     2.3106     0.6192     0.3517     0.2268 
     10000    17    19.1177     0.2335     0.3852     0.6776     2.6116     6.3811    10.6217    13.2206    17.5851    19.1171    17.5483    13.2819    10.6814     6.4001     2.5944     0.6697     0.3955     0.2442 
