       500    13     0.3166     0.3163     0.0000     0.0000     0.0000     0.0000     0.0000     0.0000     0.0000     0.0000     0.0000     0.0000     0.0000     0.0000 
      1000    13     0.6032     0.0486     0.5850     0.6029     0.0598     0.0000     0.0000     0.0000     0.0000     0.0000     0.0000     0.0000     0.0000     0.0000 
      1500    13     0.8046     0.0246     0.0721     0.3318     0.6135     0.8042     0.6015     0.3197     0.0744     0.0252     0.0000     0.0000     0.0000     0.0000 
      2000    13     0.7860     0.0615     0.0560     0.0516     0.1264     0.3609     0.4930     0.6608     0.7830     0.7856     0.6810     0.4945     0.1221     0.3631 
      2500    13     0.8382     0.8047     0.7314     0.5722     0.5069     0.5031     0.4217     0.4359     0.4306     0.4849     0.5547     0.7015     0.7920     0.8377 
      3000    13     0.9236     0.8607     0.8228     0.8837     0.8192     0.8311     0.8352     0.8423     0.8607     0.8405     0.8261     0.9154     0.8982     0.9231 
      3500    13     1.2352     1.1537     1.1968     1.1844     1.1338     1.1305     1.1298     1.1276     1.1584     1.2226     1.2348     1.1709     1.1330     1.1267 
      4000    13     1.6883     1.4613     1.4651     1.5299     1.4614     1.5833     1.6675     1.5159     1.6879     1.6052     1.4625     1.4598     1.4644     1.4570 
      4500    13     1.9374     1.9272     1.9218     1.8984     1.8996     1.8998     1.9020     1.9052     1.9187     1.9019     1.9127     1.8973     1.9369     1.8984 
      5000    13     2.4060     2.3193     2.3313     2.3499     2.3435     2.3594     2.4057     2.3242     2.3865     2.3194     2.3264     2.3236     2.3263     2.4048 
      5500    13     2.8562     2.8467     2.8347     2.8423     2.8345     2.8415     2.8349     2.8336     2.8407     2.8558     2.8539     2.8398     2.8386     2.8412 
      6000    13     3.3923     3.3697     3.3749     3.3740     3.3784     3.3701     3.3707     3.3726     3.3713     3.3919     3.3698     3.3701     3.3705     3.3715 
      6500    13     3.9678     3.9656     3.9608     3.9603     3.9672     3.9595     3.9622     3.9611     3.9673     3.9672     3.9674     3.9598     3.9651     3.9628 
      7000    13     4.6135     4.6087     4.6103     4.6092     4.6083     4.6108     4.6046     4.6121     4.6121     4.6132     4.6040     4.6086     4.6049     4.6124 
      7500    13     5.2707     5.2620     5.2630     5.2704     5.2626     5.2614     5.2633     5.2630     5.2682     5.2613     5.2675     5.2631     5.2613     5.2620 
      8000    13     5.9955     5.9926     5.9874     5.9915     5.9867     5.9934     5.9939     5.9854     5.9952     5.9855     5.9849     5.9848     5.9913     5.9846 
      8500    13     6.7590     6.7467     6.7503     6.7506     6.7537     6.7552     6.7503     6.7503     6.7500     6.7502     6.7586     6.7506     6.7478     6.7499 
      9000    13     7.6288     7.6208     7.6280     7.6275     7.6245     7.6206     7.6232     7.6205     7.6284     7.6278     7.6255     7.6277     7.6205     7.6200 
      9500    13     8.4731     8.4721     8.4645     8.4720     8.4645     8.4722     8.4723     8.4718     8.4665     8.4689     8.4727     8.4715     8.4659     8.4688 
     10000    13     9.3927     9.3910     9.3851     9.3894     9.3908     9.3908     9.3838     9.3829     9.3897     9.3849     9.3833     9.3847     9.3796     9.3886 
