       500     9     0.0944     0.0022     0.0099     0.0348     0.0698     0.0921     0.0714     0.0397     0.0112     0.0026 
      1000     9     0.3508     0.0066     0.0290     0.1368     0.2605     0.3459     0.2649     0.1376     0.0269     0.0059 
      1500     9     0.7824     0.0118     0.0596     0.3042     0.5879     0.7749     0.5877     0.3057     0.0769     0.0123 
      2000     9     1.3830     0.0209     0.1041     0.5387     1.0405     1.3717     1.0404     0.5429     0.1058     0.0209 
      2500     9     2.1927     0.0334     0.1631     0.8422     1.6253     2.1732     1.6265     0.8485     0.1658     0.0329 
      3000     9     3.1379     0.0469     0.2342     1.2173     2.3523     3.1132     2.3498     1.2186     0.2369     0.0471 
      3500     9     4.2634     0.0640     0.3203     1.6525     3.1860     4.2312     3.1925     1.6800     0.3216     0.0643 
      4000     9     5.5556     0.0862     0.4190     2.1585     4.1636     5.5138     4.1704     2.1717     0.4218     0.0852 
      4500     9     7.0130     0.1056     0.5296     2.7355     5.2935     6.9609     5.2854     2.7486     0.5315     0.1058 
      5000     9     8.6470     0.1303     0.6528     3.3753     6.5005     8.5827     6.5068     3.3897     0.6556     0.1306 
      5500     9    10.4625     0.1577     0.7898     4.0923     7.9071    10.3835     7.8755     4.1015     0.7937     0.1579 
      6000     9    12.4449     0.1876     0.9399     4.8652     9.3781    12.3534     9.3803     4.8739     0.9462     0.1881 
      6500     9    14.6231     0.2201     1.1026     5.7104    11.0246    14.5151    11.0099     5.7252     1.1096     0.2205 
      7000     9    16.9453     0.2556     1.2789     6.6272    12.7496    16.8205    12.7548     6.6404     1.2872     0.2559 
      7500     9    19.4499     0.2933     1.4690     7.6075    14.6480    19.3068    14.6449     7.6194     1.4731     0.2945 
      8000     9    22.1362     0.3339     1.6755     8.6514    16.6933    21.9744    16.6693     8.6755     1.6826     0.3342 
      8500     9    24.9979     0.3769     1.8899     9.7651    18.8262    24.8149    18.8158     9.8009     1.9050     0.3769 
      9000     9    28.0046     0.4222     2.1204    10.9534    21.0741    27.7995    21.0919    10.9714     2.1386     0.4224 
      9500     9    31.2419     0.4705     2.3630    12.2029    23.4875    31.0135    23.5147    12.2332     2.3774     0.4711 
     10000     9    34.6066     0.5218     2.6176    13.5205    26.0153    34.3544    26.0481    13.5574     2.6346     0.5237 
