       500    17     0.3319     0.3316     0.0000     0.0000     0.0000     0.0000     0.0000     0.0000     0.0000     0.0000     0.0000     0.0000     0.0000     0.0000     0.0000     0.0000     0.0000     0.0000 
      1000    17     0.5921     0.0608     0.5712     0.5917     0.0613     0.0000     0.0000     0.0000     0.0000     0.0000     0.0000     0.0000     0.0000     0.0000     0.0000     0.0000     0.0000     0.0000 
      1500    17     0.7894     0.0247     0.0729     0.3402     0.6806     0.7890     0.6019     0.3195     0.0744     0.0251     0.0000     0.0000     0.0000     0.0000     0.0000     0.0000     0.0000     0.0000 
      2000    17     0.7863     0.0230     0.0333     0.0510     0.1250     0.3606     0.4924     0.7377     0.7835     0.7859     0.6429     0.5309     0.3664     0.1318     0.0380     0.0331     0.0232     0.0000 
      2500    17     0.8477     0.4389     0.2625     0.1512     0.1309     0.1390     0.1348     0.2531     0.4429     0.4978     0.5704     0.7283     0.7944     0.8472     0.8011     0.7198     0.5745     0.5259 
      3000    17     0.8306     0.8303     0.8194     0.7858     0.7485     0.6896     0.5766     0.5841     0.5745     0.5728     0.5722     0.5732     0.5671     0.5743     0.5746     0.6712     0.7761     0.7798 
      3500    17     0.9501     0.9406     0.9137     0.8546     0.8600     0.8820     0.8953     0.8682     0.8614     0.8538     0.8819     0.8536     0.8913     0.8555     0.9152     0.9242     0.9495     0.9298 
      4000    17     1.2832     1.1478     1.2070     1.1828     1.1647     1.1477     1.1823     1.1477     1.1475     1.1411     1.1783     1.2131     1.2828     1.1413     1.1471     1.2381     1.1759     1.1690 
      4500    17     1.6643     1.4153     1.4146     1.4191     1.4315     1.5763     1.6146     1.4231     1.4507     1.6639     1.5508     1.4224     1.4153     1.4173     1.4195     1.6316     1.4153     1.4183 
      5000    17     1.8813     1.8293     1.8810     1.8248     1.8238     1.8292     1.8727     1.8242     1.8232     1.8249     1.8263     1.8216     1.8228     1.8221     1.8218     1.8278     1.8234     1.8315 
      5500    17     2.3267     2.3263     2.2176     2.1742     2.2793     2.1485     2.1469     2.1546     2.1510     2.1460     2.1517     2.1552     2.1515     2.2780     2.1538     2.2969     2.2513     2.1523 
      6000    17     2.6532     2.6428     2.6198     2.6465     2.6528     2.6147     2.6137     2.6296     2.6141     2.6285     2.6201     2.6128     2.6190     2.6441     2.6179     2.6487     2.6099     2.6177 
      6500    17     3.1044     3.0969     3.1012     3.0931     3.1011     3.0991     3.0920     3.0937     3.1028     3.0926     3.1039     3.0982     3.0912     3.0915     3.0949     3.0931     3.0923     3.0922 
      7000    17     3.5923     3.5861     3.5850     3.5847     3.5831     3.5809     3.5789     3.5847     3.5783     3.5919     3.5828     3.5799     3.5798     3.5848     3.5823     3.5796     3.5815     3.5845 
      7500    17     4.1607     4.1115     4.1159     4.1160     4.1108     4.1088     4.1603     4.1100     4.1199     4.1231     4.1118     4.1080     4.1111     4.1126     4.1131     4.1113     4.1150     4.1092 
      8000    17     4.6482     4.6469     4.6404     4.6479     4.6478     4.6478     4.6473     4.6466     4.6428     4.6411     4.6386     4.6473     4.6411     4.6419     4.6400     4.6462     4.6443     4.6475 
      8500    17     5.2727     5.2688     5.2636     5.2620     5.2609     5.2624     5.2723     5.2618     5.2654     5.2673     5.2581     5.2694     5.2720     5.2582     5.2634     5.2699     5.2684     5.2646 
      9000    17     5.8573     5.8562     5.8545     5.8471     5.8462     5.8503     5.8552     5.8523     5.8558     5.8543     5.8514     5.8525     5.8527     5.8529     5.8556     5.8568     5.8548     5.8479 
      9500    17     6.5929     6.5796     6.5896     6.5891     6.5836     6.5828     6.5854     6.5847     6.5845     6.5850     6.5925     6.5922     6.5846     6.5918     6.5787     6.5893     6.5835     6.5804 
     10000    17     7.3054     7.2960     7.3044     7.2993     7.3051     7.3039     7.3025     7.3022     7.2993     7.2952     7.2956     7.2987     7.3006     7.2949     7.3017     7.2948     7.2945     7.3038 
