       500    18     0.3100     0.3096     0.0000     0.0000     0.0000     0.0000     0.0000     0.0000     0.0000     0.0000     0.0000     0.0000     0.0000     0.0000     0.0000     0.0000     0.0000     0.0000     0.0000 
      1000    18     0.6026     0.0506     0.6023     0.5743     0.0608     0.0000     0.0000     0.0000     0.0000     0.0000     0.0000     0.0000     0.0000     0.0000     0.0000     0.0000     0.0000     0.0000     0.0000 
      1500    18     0.8541     0.0245     0.0728     0.3213     0.6043     0.8537     0.6214     0.3191     0.0773     0.0277     0.0000     0.0000     0.0000     0.0000     0.0000     0.0000     0.0000     0.0000     0.0000 
      2000    18     0.8245     0.0221     0.0306     0.0526     0.1266     0.3612     0.5068     0.6579     0.8241     0.8059     0.6747     0.5106     0.3854     0.1268     0.0551     0.0304     0.0220     0.0000     0.0000 
      2500    18     0.8198     0.2612     0.1423     0.1059     0.0938     0.0886     0.2470     0.1306     0.4314     0.4873     0.5868     0.6984     0.7932     0.8192     0.7790     0.7023     0.5589     0.5058     0.4143 
      3000    18     0.8179     0.8175     0.7807     0.7437     0.6748     0.5899     0.5400     0.5325     0.5078     0.5442     0.5135     0.4936     0.5024     0.5093     0.5645     0.6656     0.7267     0.7686     0.8075 
      3500    18     0.9257     0.8157     0.8244     0.8340     0.8121     0.8149     0.8334     0.8723     0.8551     0.8474     0.8851     0.8115     0.8354     0.8089     0.9045     0.9250     0.8649     0.9251     0.8840 
      4000    18     1.1832     1.1430     1.1371     1.0655     1.0576     1.0611     1.0578     1.0610     1.0659     1.1547     1.1827     1.1337     1.0973     1.0630     1.0601     1.0621     1.0594     1.0648     1.1055 
      4500    18     1.5503     1.3450     1.3943     1.3386     1.5499     1.3458     1.3448     1.3635     1.3620     1.3646     1.3607     1.3461     1.3449     1.4967     1.5178     1.3798     1.3394     1.3457     1.3681 
      5000    18     1.7848     1.7473     1.7138     1.6761     1.6713     1.6686     1.6761     1.6696     1.6736     1.7045     1.7367     1.7284     1.7332     1.7754     1.7619     1.7524     1.6685     1.7843     1.7601 
      5500    18     2.1945     2.0299     2.1146     2.0252     2.0242     2.0285     2.0953     2.0265     2.0243     2.0277     2.0217     2.0395     2.0291     2.1413     2.0246     2.1940     2.0217     2.1654     2.0277 
      6000    18     2.5031     2.4804     2.4819     2.4819     2.4846     2.4848     2.4744     2.4802     2.4798     2.4827     2.4831     2.4962     2.4807     2.4742     2.4820     2.5018     2.4846     2.4748     2.5025 
      6500    18     2.9577     2.9164     2.9109     2.9047     2.9117     2.9142     2.9352     2.9118     2.9114     2.9188     2.9043     2.9118     2.9160     2.9111     2.9301     2.9572     2.9072     2.9054     2.9167 
      7000    18     3.3586     3.3576     3.3471     3.3400     3.3430     3.3430     3.3348     3.3431     3.3431     3.3444     3.3356     3.3368     3.3350     3.3470     3.3434     3.3442     3.3406     3.3410     3.3580 
      7500    18     3.8526     3.8480     3.8478     3.8437     3.8440     3.8403     3.8446     3.8522     3.8489     3.8447     3.8410     3.8436     3.8491     3.8409     3.8427     3.8386     3.8428     3.8519     3.8499 
      8000    18     4.3991     4.3897     4.3959     4.3871     4.3988     4.3930     4.3904     4.3918     4.3887     4.3867     4.3964     4.3849     4.3963     4.3810     4.3841     4.3778     4.3910     4.3863     4.3904 
      8500    18     4.9558     4.9507     4.9493     4.9447     4.9555     4.9447     4.9429     4.9521     4.9445     4.9442     4.9447     4.9443     4.9517     4.9530     4.9503     4.9472     4.9496     4.9457     4.9499 
      9000    18     5.5858     5.5754     5.5851     5.5791     5.5828     5.5817     5.5816     5.5749     5.5830     5.5854     5.5785     5.5850     5.5783     5.5786     5.5832     5.5749     5.5751     5.5817     5.5849 
      9500    18     6.2168     6.2156     6.2089     6.2165     6.2075     6.2153     6.2156     6.2100     6.2110     6.2154     6.2149     6.2086     6.2156     6.2068     6.2149     6.2160     6.2155     6.2062     6.2150 
     10000    18     6.8626     6.8608     6.8560     6.8513     6.8519     6.8593     6.8563     6.8508     6.8503     6.8563     6.8556     6.8574     6.8555     6.8621     6.8618     6.8492     6.8530     6.8511     6.8547 
