       500    10     0.0921     0.0032     0.0120     0.0392     0.0660     0.0907     0.0917     0.0555     0.0397     0.0127     0.0035 
      1000    10     0.3043     0.0124     0.0334     0.1052     0.2119     0.3040     0.3028     0.2126     0.1063     0.0339     0.0135 
      1500    10     0.6794     0.0230     0.0528     0.2129     0.4547     0.6728     0.6791     0.4556     0.2163     0.0554     0.0252 
      2000    10     1.1988     0.0350     0.0845     0.3698     0.7963     1.1935     1.1985     0.7976     0.3721     0.0859     0.0367 
      2500    10     1.8627     0.0447     0.1212     0.5668     1.2343     1.8541     1.8624     1.2368     0.5698     0.1220     0.0468 
      3000    10     2.6704     0.0532     0.1634     0.8053     1.7684     2.6597     2.6701     1.7692     0.8091     0.1644     0.0563 
      3500    10     3.6304     0.0673     0.2175     1.0929     2.4020     3.6286     3.6301     2.4049     1.0968     0.2349     0.0707 
      4000    10     4.7362     0.0868     0.2834     1.4253     3.1363     4.7221     4.7358     3.1393     1.4331     0.2883     0.1072 
      4500    10     5.9930     0.1065     0.3551     1.8025     3.9660     5.9889     5.9927     3.9683     1.8088     0.3594     0.1291 
      5000    10     7.3878     0.1233     0.4302     2.2167     4.9044     7.3728     7.3875     4.8940     2.2290     0.4327     0.1408 
      5500    10     8.9408     0.1481     0.5211     2.6823     5.9176     8.9116     8.9404     5.9180     2.6906     0.5260     0.1718 
      6000    10    10.6404     0.1958     0.6218     3.2009     7.0438    10.6043    10.6402     7.0557     3.2031     0.6236     0.1895 
      6500    10    12.4819     0.1996     0.7182     3.7396     8.2521    12.4516    12.4815     8.2553     3.7506     0.7223     0.2167 
      7000    10    14.4737     0.2302     0.8317     4.3385     9.5698    14.4290    14.4734     9.5753     4.3509     0.8396     0.2524 
      7500    10    16.6096     0.2625     0.9533     4.9769    11.0050    16.5787    16.6093    10.9924     4.9920     0.9557     0.2835 
      8000    10    18.8890     0.2951     1.0823     5.6786    12.5034    18.8369    18.8887    12.5008     5.6778     1.0864     0.3118 
      8500    10    21.3303     0.3368     1.2423     6.3930    14.1077    21.2683    21.3300    14.1096     6.4052     1.2299     0.3545 
      9000    10    23.9336     0.3708     1.3681     7.1851    15.8284    23.8708    23.9333    15.8246     7.2049     1.3725     0.3662 
      9500    10    26.6341     0.4143     1.5235     7.9829    17.6145    26.5717    26.6338    17.6206     7.9985     1.5277     0.4341 
     10000    10    29.5126     0.4526     1.6843     8.8693    19.5311    29.4387    29.5122    19.5185     8.8785     1.6874     0.4724 
