       500    12     0.0796     0.0027     0.0054     0.0208     0.0464     0.0615     0.0792     0.0793     0.0620     0.0475     0.0209     0.0057     0.0026 
      1000    12     0.2680     0.0104     0.0181     0.0501     0.1390     0.1961     0.2588     0.2676     0.1894     0.1413     0.0430     0.0179     0.0099 
      1500    12     0.5860     0.0197     0.0305     0.0939     0.2957     0.4222     0.5791     0.5856     0.4235     0.2934     0.1132     0.0168     0.0192 
      2000    12     1.0367     0.0295     0.0459     0.1486     0.5086     0.7563     1.0363     1.0210     0.7403     0.5115     0.1491     0.0442     0.0288 
      2500    12     1.6306     0.0386     0.0621     0.2237     0.8012     1.1635     1.5855     1.6302     1.1509     0.7895     0.2297     0.0603     0.0314 
      3000    12     2.2871     0.0490     0.0822     0.3118     1.1210     1.6511     2.2736     2.2867     1.6469     1.1254     0.3139     0.0782     0.0462 
      3500    12     3.1493     0.0559     0.0989     0.4372     1.5443     2.2586     3.1489     3.1165     2.2627     1.5343     0.4239     0.1055     0.0665 
      4000    12     4.1570     0.0863     0.1322     0.5455     1.9990     2.9342     4.0640     4.1566     2.9207     1.9959     0.5459     0.1565     0.1168 
      4500    12     5.2091     0.0836     0.1632     0.7033     2.5383     3.7934     5.2086     5.1239     3.7078     2.5233     0.6972     0.1589     0.1041 
      5000    12     6.3697     0.1058     0.1971     0.8675     3.1301     4.5503     6.3693     6.3395     4.5682     3.1127     0.8446     0.1904     0.1061 
      5500    12     7.7727     0.1183     0.2339     1.0428     3.7896     5.5751     7.6260     7.7723     5.6119     3.7668     1.0209     0.2290     0.1221 
      6000    12     9.1344     0.1380     0.2768     1.2430     4.5270     6.5709     9.1141     9.1340     6.6858     4.6032     1.2131     0.2686     0.1418 
      6500    12    10.7936     0.1624     0.3280     1.4907     5.3562     7.7425    10.7931    10.7110     7.7540     5.3353     1.4216     0.3087     0.1591 
      7000    12    12.6464     0.1933     0.3727     1.6856     6.2300     8.9280    12.6459    12.3968     9.1157     6.1196     1.6885     0.3574     0.1942 
      7500    12    14.5127     0.2205     0.4282     1.9328     7.0390    10.3077    14.1622    14.5122    10.5773     7.1120     1.8927     0.4171     0.2081 
      8000    12    16.1889     0.2350     0.4863     2.1638     8.0042    11.7377    16.1885    16.1181    11.6376     7.9511     2.1461     0.4625     0.2366 
      8500    12    18.6078     0.2948     0.5438     2.4798     9.0362    13.1150    18.6071    18.3187    13.1276     9.0086     2.4447     0.5391     0.2831 
      9000    12    20.6869     0.3008     0.5992     2.7641    10.1507    14.8442    20.5240    20.6864    15.1166    10.1021     2.7518     0.5814     0.2957 
      9500    12    23.1861     0.3255     0.6420     3.0762    11.2865    16.5606    23.1858    22.8858    16.5259    11.6254     3.1598     0.6432     0.3377 
     10000    12    25.6554     0.3590     0.7307     3.3561    12.3720    18.3674    25.6550    25.2964    18.3658    12.4145     3.4446     0.7186     0.3605 
