       500    20     0.0555     0.0013     0.0019     0.0028     0.0097     0.0153     0.0320     0.0385     0.0427     0.0510     0.0550     0.0544     0.0513     0.0416     0.0392     0.0333     0.0083     0.0102     0.0029     0.0020     0.0014 
      1000    20     0.1650     0.0052     0.0077     0.0110     0.0263     0.0373     0.0796     0.1030     0.1182     0.1470     0.1631     0.1643     0.1478     0.1204     0.1043     0.0810     0.0376     0.0265     0.0109     0.0051     0.0053 
      1500    20     0.3664     0.0115     0.0165     0.0203     0.0460     0.0652     0.1645     0.2192     0.2552     0.3282     0.3656     0.3659     0.3307     0.2541     0.2149     0.1635     0.0663     0.0516     0.0220     0.0075     0.0112 
      2000    20     0.6578     0.0186     0.0247     0.0305     0.0674     0.1055     0.2825     0.3761     0.4438     0.5722     0.6573     0.6417     0.5769     0.4419     0.3917     0.2998     0.1109     0.0719     0.0330     0.0106     0.0204 
      2500    20     1.0060     0.0244     0.0307     0.0407     0.0956     0.1560     0.4259     0.5713     0.6798     0.9008     1.0053     0.9924     0.9335     0.6991     0.6049     0.4284     0.1554     0.0957     0.0391     0.0313     0.0246 
      3000    20     1.4178     0.0302     0.0378     0.0490     0.1359     0.2305     0.6116     0.8314     0.9819     1.2693     1.4126     1.4171     1.2884     0.9731     0.8184     0.6114     0.2155     0.1336     0.0517     0.0375     0.0173 
      3500    20     1.9225     0.0369     0.0472     0.0633     0.1738     0.2903     0.8221     1.1069     1.3339     1.7262     1.9204     1.9220     1.7270     1.3209     1.1422     0.8238     0.2891     0.1736     0.0617     0.0469     0.0365 
      4000    20     2.5239     0.0439     0.0573     0.0766     0.2229     0.3746     1.0689     1.4451     1.7155     2.2486     2.5233     2.5115     2.2556     1.7166     1.4463     1.0731     0.3759     0.2243     0.0821     0.0604     0.0460 
      4500    20     3.1701     0.0521     0.0690     0.0934     0.2934     0.4705     1.3833     1.8410     2.1980     2.8392     3.1677     3.1695     2.8789     2.1941     1.8448     1.3537     0.4686     0.2778     0.0931     0.0687     0.0516 
      5000    20     3.9285     0.0624     0.0838     0.1134     0.3698     0.5792     1.6918     2.2485     2.6747     3.5077     3.9279     3.9143     3.5509     2.6920     2.2739     1.6585     0.5850     0.3653     0.1157     0.1017     0.0498 
      5500    20     4.7381     0.0696     0.0950     0.1314     0.4052     0.6920     2.0256     2.7147     3.2472     4.2347     4.7375     4.7254     4.2626     3.2528     2.7515     2.0119     0.6920     0.4066     0.1311     0.0947     0.0714 
      6000    20     5.6588     0.0810     0.1113     0.1544     0.4857     0.8607     2.4005     3.2460     3.9039     5.0548     5.6319     5.6582     5.0634     3.9011     3.2933     2.4128     0.8426     0.4903     0.1553     0.1193     0.0816 
      6500    20     6.6306     0.0919     0.1302     0.1802     0.5803     0.9598     2.8098     3.8109     4.5544     5.9314     6.6299     6.5920     5.9329     4.5125     3.7954     2.8324     0.9816     0.5659     0.1783     0.1311     0.0940 
      7000    20     7.6857     0.1083     0.1459     0.2068     0.6478     1.1126     3.2641     4.4096     5.2434     6.8699     7.6507     7.6850     6.8986     5.2645     4.4287     3.2896     1.1148     0.6556     0.2046     0.1664     0.1049 
      7500    20     8.8601     0.1174     0.1646     0.2413     0.7559     1.2912     3.7679     5.0953     6.1021     7.9401     8.8595     8.7944     8.0128     5.9991     5.0896     3.7945     1.3238     0.7672     0.2327     0.1643     0.1165 
      8000    20    10.1187     0.1283     0.1818     0.2583     0.8507     1.4799     4.2614     5.7596     6.8462     9.0995    10.0071    10.1180     9.0462     6.9019     5.7916     4.3058     1.4559     0.8668     0.2750     0.1817     0.1277 
      8500    20    11.3410     0.1464     0.2112     0.2953     0.9487     1.6630     4.8521     6.4987     7.7768    10.1536    11.3404    11.2862    10.1350     7.7822     6.5351     4.8668     1.6341     0.9509     0.3000     0.2091     0.1549 
      9000    20    12.7034     0.1606     0.2285     0.3256     1.0762     1.8691     5.3987     7.2887     8.6621    11.3604    12.6450    12.7027    11.4055     8.7033     7.3227     5.4574     1.8370     1.0663     0.3276     0.2306     0.1448 
      9500    20    14.1219     0.1780     0.2514     0.3762     1.1824     2.0426     5.9943     8.0743     9.6252    12.6102    14.0806    14.1213    12.6730     9.6260     8.0757     5.9834     2.0756     1.1834     0.3615     0.2604     0.1769 
     10000    20    15.6963     0.1980     0.3063     0.4022     1.3273     2.2735     6.6652     9.0073    10.7235    14.0236    15.6956    15.6218    14.1554    10.7597     9.0531     6.7185     2.2838     1.3159     0.4404     0.3073     0.2106 
