       500    16     0.3165     0.3162     0.0000     0.0000     0.0000     0.0000     0.0000     0.0000     0.0000     0.0000     0.0000     0.0000     0.0000     0.0000     0.0000     0.0000     0.0000 
      1000    16     0.5848     0.0571     0.5845     0.5745     0.0593     0.0000     0.0000     0.0000     0.0000     0.0000     0.0000     0.0000     0.0000     0.0000     0.0000     0.0000     0.0000 
      1500    16     0.7916     0.0262     0.0746     0.3316     0.6618     0.7912     0.6055     0.3230     0.0779     0.0218     0.0000     0.0000     0.0000     0.0000     0.0000     0.0000     0.0000 
      2000    16     0.7858     0.0220     0.0310     0.0522     0.1261     0.3611     0.4927     0.6577     0.7832     0.7854     0.6417     0.5265     0.3794     0.1283     0.0550     0.0319     0.0218 
      2500    16     0.8341     0.4985     0.4454     0.2698     0.1697     0.1675     0.1754     0.2480     0.4323     0.4865     0.5569     0.7019     0.8050     0.8337     0.7600     0.7409     0.5781 
      3000    16     0.8351     0.7774     0.8193     0.8348     0.7961     0.7651     0.6694     0.6301     0.6219     0.6238     0.6955     0.7068     0.6146     0.6186     0.6424     0.6543     0.7359 
      3500    16     0.9914     0.9882     0.9597     0.9896     0.9728     0.9352     0.9375     0.9297     0.9374     0.9361     0.9293     0.9340     0.9381     0.9307     0.9672     0.9909     0.9598 
      4000    16     1.3817     1.2236     1.2270     1.2307     1.2599     1.2296     1.2300     1.2498     1.2322     1.2468     1.2239     1.2270     1.2650     1.3492     1.2253     1.3812     1.2862 
      4500    16     1.7148     1.5047     1.5200     1.4980     1.4966     1.6847     1.5053     1.6753     1.5059     1.7114     1.5817     1.5509     1.6817     1.6449     1.4932     1.4861     1.4897 
      5000    16     1.9695     1.9328     1.9178     1.9169     1.9193     1.9179     1.9186     1.9159     1.9192     1.9691     1.9161     1.9180     1.9505     1.9238     1.9159     1.9169     1.9158 
      5500    16     2.3941     2.3095     2.3444     2.3939     2.3590     2.3756     2.3076     2.2964     2.3936     2.3035     2.3004     2.3425     2.3046     2.3050     2.3012     2.3044     2.3004 
      6000    16     2.8365     2.8157     2.7946     2.8029     2.7974     2.7967     2.8042     2.7962     2.8000     2.8004     2.8360     2.7953     2.7962     2.7971     2.8177     2.7931     2.7965 
      6500    16     3.2768     3.2655     3.2762     3.2766     3.2652     3.2680     3.2645     3.2685     3.2697     3.2690     3.2625     3.2669     3.2712     3.2655     3.2740     3.2761     3.2645 
      7000    16     3.8066     3.8000     3.7974     3.8043     3.8035     3.7971     3.8046     3.7999     3.7954     3.7974     3.7974     3.8038     3.7963     3.7957     3.8040     3.8061     3.7953 
      7500    16     4.3424     4.3331     4.3347     4.3360     4.3364     4.3409     4.3393     4.3356     4.3358     4.3355     4.3397     4.3410     4.3414     4.3364     4.3349     4.3411     4.3419 
      8000    16     4.9278     4.9194     4.9190     4.9184     4.9192     4.9122     4.9177     4.9173     4.9106     4.9140     4.9131     4.9183     4.9143     4.9273     4.9137     4.9126     4.9105 
      8500    16     5.6199     5.6161     5.6163     5.6098     5.6071     5.6067     5.6162     5.6127     5.6185     5.6195     5.6159     5.6143     5.6102     5.6069     5.6174     5.6058     5.6060 
      9000    16     6.2513     6.2428     6.2508     6.2481     6.2404     6.2493     6.2396     6.2425     6.2441     6.2457     6.2468     6.2394     6.2414     6.2508     6.2476     6.2424     6.2427 
      9500    16     6.9454     6.9411     6.9350     6.9398     6.9408     6.9406     6.9399     6.9416     6.9387     6.9413     6.9403     6.9449     6.9409     6.9350     6.9410     6.9384     6.9389 
     10000    16     7.7215     7.7118     7.7133     7.7118     7.7198     7.7200     7.7187     7.7130     7.7211     7.7188     7.7151     7.7125     7.7158     7.7159     7.7158     7.7112     7.7195 
