       500    14     0.0646     0.0010     0.0030     0.0104     0.0181     0.0348     0.0487     0.0616     0.0595     0.0482     0.0327     0.0212     0.0079     0.0017     0.0015 
      1000    14     0.2280     0.0031     0.0059     0.0250     0.0609     0.1282     0.1698     0.2219     0.2223     0.1713     0.1312     0.0597     0.0220     0.0054     0.0030 
      1500    14     0.5469     0.0065     0.0121     0.0459     0.1298     0.2953     0.3830     0.4899     0.5375     0.3794     0.2847     0.1322     0.0460     0.0110     0.0065 
      2000    14     0.9080     0.0115     0.0195     0.0797     0.2305     0.5137     0.6735     0.8947     0.8735     0.6735     0.5227     0.2425     0.0812     0.0202     0.0111 
      2500    14     1.4148     0.0180     0.0317     0.1250     0.3610     0.8035     1.0505     1.3954     1.3633     1.0931     0.8181     0.3649     0.1265     0.0305     0.0173 
      3000    14     2.0684     0.0270     0.0438     0.1807     0.5193     1.1538     1.5162     2.0408     1.9632     1.5606     1.1605     0.5234     0.1816     0.0453     0.0249 
      3500    14     2.7539     0.0510     0.0597     0.2551     0.7097     1.5788     2.0728     2.7154     2.6780     2.0979     1.6081     0.7130     0.2519     0.0597     0.0353 
      4000    14     3.6381     0.0461     0.0781     0.3206     0.9271     2.0221     2.7850     3.4872     3.5854     2.6962     2.0275     0.9466     0.3221     0.0780     0.0443 
      4500    14     4.6288     0.0558     0.0986     0.4061     1.1826     2.6216     3.4130     4.5720     4.4159     3.4178     2.5625     1.2128     0.4084     0.1016     0.0560 
      5000    14     5.6090     0.0719     0.1216     0.5004     1.4998     3.1727     4.2431     5.4895     5.5273     4.2314     3.1704     1.4574     0.5208     0.1217     0.0718 
      5500    14     6.9774     0.0871     0.1476     0.6054     1.7501     3.8302     5.0988     6.8898     6.7784     5.0975     3.9119     1.7916     0.6097     0.1523     0.0837 
      6000    14     8.1834     0.1036     0.1751     0.7447     2.0850     4.5705     6.0643     7.8485     8.0657     6.0719     4.7078     2.1283     0.7252     0.1803     0.0995 
      6500    14     9.3553     0.1216     0.2061     0.8478     2.5321     5.3467     7.2293     9.2098     9.2187     7.2402     5.3603     2.4582     0.8835     0.2055     0.1213 
      7000    14    10.9522     0.1413     0.2469     1.0187     2.8583     6.2773     8.3424    10.7279    10.7916     8.4266     6.3155     2.8644     0.9855     0.2383     0.1355 
      7500    14    12.5769     0.1637     0.2933     1.1308     3.2621     7.1275     9.4828    12.4174    12.2685     9.7081     7.1320     3.3445     1.1318     0.2736     0.1622 
      8000    14    14.8663     0.1841     0.3113     1.2869     3.7139     8.2566    10.7912    14.6865    13.9507    11.0726     8.1084     3.7930     1.2883     0.3215     0.1767 
      8500    14    16.2223     0.2003     0.3644     1.4479     4.3204     9.1747    12.1827    16.0143    15.7705    12.3921     9.1575     4.3572     1.4577     0.3513     0.2083 
      9000    14    18.4611     0.2334     0.3946     1.6577     4.7671    10.2668    14.0957    17.6879    18.2051    14.1173    10.2641     4.7219     1.6371     0.4117     0.2237 
      9500    14    19.9439     0.2495     0.4549     1.8355     5.2502    11.8044    15.2678    19.6826    19.6674    15.7085    11.4350     5.3147     1.8282     0.4643     0.2495 
     10000    14    22.3302     0.2902     0.5252     2.0168     5.8079    13.0205    16.8674    22.0438    21.7998    17.0452    12.6834     5.8215     2.0685     0.5003     0.2761 
