       500     4     0.3116     0.3115     0.0000     0.0000     0.0000 
      1000     4     0.5955     0.0480     0.5897     0.5954     0.0482 
      1500     4     0.8175     0.8174     0.6775     0.6546     0.6750 
      2000     4     1.3365     1.3363     1.2897     1.2239     1.2376 
      2500     4     1.9755     1.9753     1.9458     1.9383     1.9434 
      3000     4     2.8970     2.8581     2.8412     2.8389     2.8968 
      3500     4     3.8207     3.8202     3.8154     3.8206     3.8169 
      4000     4     5.0252     5.0209     5.0146     5.0250     5.0188 
      4500     4     6.3091     6.2988     6.3073     6.2982     6.3089 
      5000     4     7.7987     7.7985     7.7986     7.7856     7.7981 
      5500     4     9.4372     9.4349     9.4371     9.4170     9.4260 
      6000     4    11.3460    11.3445    11.3422    11.3440    11.3458 
      6500     4    13.2541    13.2540    13.2416    13.2502    13.2356 
      7000     4    15.2413    15.2412    15.2331    15.2328    15.2326 
      7500     4    17.4935    17.4890    17.4891    17.4934    17.4892 
      8000     4    19.9039    19.8973    19.9037    19.9017    19.9015 
      8500     4    22.4864    22.4784    22.4863    22.4680    22.4783 
      9000     4    25.3821    25.3820    25.3736    25.3692    25.3680 
      9500     4    28.1940    28.1922    28.1838    28.1837    28.1815 
     10000     4    31.1041    31.0969    31.0958    31.1039    31.0951 
