       500    11     0.0888     0.4285
      1000    11     0.3024     1.3199
      1500    11     0.6527     2.8930
      2000    11     1.1527     5.0926
      2500    11     1.8056     7.7735
      3000    11     2.5637    11.3065
      3500    11     3.6505    15.3742
      4000    11     4.5562    20.2108
      4500    11     5.7596    24.7838
      5000    11     7.0969    30.4231
      5500    11     8.7105    36.9347
      6000    11    10.2325    43.9158
      6500    11    12.0514    51.0951
      7000    11    14.0263    59.9528
      7500    11    16.0016    68.5998
      8000    11    18.3369    78.4928
      8500    11    20.6497    87.1052
      9000    11    23.0053    98.4028
      9500    11    26.0631   110.4999
     10000    11    28.9849   124.1694
       500    12     0.0796     0.4339
      1000    12     0.2680     1.3414
      1500    12     0.5860     2.8929
      2000    12     1.0367     5.0200
      2500    12     1.6306     7.7667
      3000    12     2.2871    10.9860
      3500    12     3.1493    15.0532
      4000    12     4.1570    19.6536
      4500    12     5.2091    24.8055
      5000    12     6.3697    30.3816
      5500    12     7.7727    36.9086
      6000    12     9.1344    43.9162
      6500    12    10.7936    51.5625
      7000    12    12.6464    59.9277
      7500    12    14.5127    68.8097
      8000    12    16.1889    77.3672
      8500    12    18.6078    87.7984
      9000    12    20.6869    98.7171
      9500    12    23.1861   110.2544
     10000    12    25.6554   121.4406
       500    13     0.0843     0.4642
      1000    13     0.2597     1.3760
      1500    13     0.5590     2.8971
      2000    13     1.0055     5.0805
      2500    13     1.5387     7.7514
      3000    13     2.1874    11.0632
      3500    13     3.0012    15.0239
      4000    13     3.9393    19.6798
      4500    13     4.9213    24.7485
      5000    13     6.0922    30.6199
      5500    13     7.4870    36.9232
      6000    13     8.8532    43.8556
      6500    13    10.2297    51.5573
      7000    13    12.1406    59.7981
      7500    13    13.7774    68.6511
      8000    13    15.8111    78.3871
      8500    13    17.6804    88.6288
      9000    13    20.0883    98.8764
      9500    13    21.9736   110.4167
     10000    13    24.5526   122.1077
       500    14     0.0714     0.4590
      1000    14     0.2515     1.3962
      1500    14     0.5214     2.9353
      2000    14     0.8897     5.0314
      2500    14     1.3958     7.7601
      3000    14     1.9979    11.1025
      3500    14     2.7102    15.0276
      4000    14     3.5336    19.5262
      4500    14     4.4665    24.6875
      5000    14     5.5928    30.4747
      5500    14     6.6518    36.7141
      6000    14     8.0573    44.0732
      6500    14     9.2939    51.2855
      7000    14    10.7981    59.7358
      7500    14    12.3949    68.3936
      8000    14    14.1743    78.0517
      8500    14    15.9390    87.7939
      9000    14    18.0475    98.7433
      9500    14    19.9319   109.6892
     10000    14    22.1686   121.4250
       500    15     0.0683     0.4475
      1000    15     0.2167     1.3987
      1500    15     0.4903     2.9406
      2000    15     0.8917     5.1248
      2500    15     1.3281     7.7841
      3000    15     1.9111    11.1586
      3500    15     2.6316    15.1045
      4000    15     3.4695    19.7575
      4500    15     4.3642    24.8677
      5000    15     5.3176    30.6248
      5500    15     6.4775    36.9700
      6000    15     7.6466    43.8373
      6500    15     8.9988    51.6715
      7000    15    10.5824    59.9357
      7500    15    12.0085    68.7233
      8000    15    13.6739    78.0885
      8500    15    15.4427    88.1875
      9000    15    17.2176    99.2054
      9500    15    19.4882   110.3536
     10000    15    21.0935   121.7834
       500    16     0.0665     0.4699
      1000    16     0.2104     1.4197
      1500    16     0.4710     2.9755
      2000    16     0.8094     5.1132
      2500    16     1.2572     7.8942
      3000    16     1.7878    11.1618
      3500    16     2.4805    15.1056
      4000    16     3.1471    19.6350
      4500    16     3.9836    24.7969
      5000    16     4.8845    30.5532
      5500    16     5.8753    36.8113
      6000    16     7.1313    44.1091
      6500    16     8.2184    51.5830
      7000    16     9.7871    59.9427
      7500    16    10.9913    68.5510
      8000    16    12.8097    78.3543
      8500    16    14.0759    87.8717
      9000    16    15.7391    98.4789
      9500    16    17.8217   110.5019
     10000    16    19.6847   122.2255
       500    17     0.0644     0.4816
      1000    17     0.2023     1.4000
      1500    17     0.4363     2.9586
      2000    17     0.7642     5.1599
      2500    17     1.1996     7.8126
      3000    17     1.7263    11.1322
      3500    17     2.3303    15.1179
      4000    17     3.0108    19.5727
      4500    17     3.7974    24.7842
      5000    17     4.6964    30.6998
      5500    17     5.7683    36.6921
      6000    17     6.8495    43.9874
      6500    17     7.9810    51.8338
      7000    17     9.2124    59.5798
      7500    17    10.6191    68.4200
      8000    17    12.0485    78.2186
      8500    17    13.6041    88.0732
      9000    17    15.2882    98.6168
      9500    17    17.1179   110.0552
     10000    17    19.1177   122.6489
       500    18     0.0608     0.4720
      1000    18     0.2117     1.5001
      1500    18     0.4299     3.0219
      2000    18     0.7286     5.1715
      2500    18     1.1294     7.8332
      3000    18     1.5806    11.1035
      3500    18     2.1462    15.1264
      4000    18     2.8244    19.7865
      4500    18     3.5100    24.7310
      5000    18     4.3464    30.4829
      5500    18     5.2593    36.7212
      6000    18     6.2431    43.9017
      6500    18     7.4328    51.3944
      7000    18     8.6354    59.7728
      7500    18     9.7713    68.2779
      8000    18    11.1589    78.5022
      8500    18    12.5722    87.8266
      9000    18    14.2089    98.8131
      9500    18    15.6934   109.6415
     10000    18    17.3774   121.7489
       500    19     0.0604     0.5074
      1000    19     0.1764     1.4098
      1500    19     0.3888     2.9882
      2000    19     0.6873     5.0626
      2500    19     1.0667     7.8408
      3000    19     1.5317    11.2491
      3500    19     2.0734    15.0455
      4000    19     2.7005    19.5989
      4500    19     3.4418    24.8068
      5000    19     4.2449    30.4920
      5500    19     5.1539    36.9508
      6000    19     6.1637    43.9750
      6500    19     7.2475    51.6368
      7000    19     8.2447    59.7226
      7500    19     9.6802    68.5557
      8000    19    10.8232    77.7268
      8500    19    12.2851    88.0780
      9000    19    13.7364    98.5845
      9500    19    15.2561   110.0403
     10000    19    17.0000   121.9340
       500    20     0.0555     0.4949
      1000    20     0.1650     1.4015
      1500    20     0.3664     2.9799
      2000    20     0.6578     5.1776
      2500    20     1.0060     7.9349
      3000    20     1.4178    11.1543
      3500    20     1.9225    15.0645
      4000    20     2.5239    19.5689
      4500    20     3.1701    24.8082
      5000    20     3.9285    30.5664
      5500    20     4.7381    36.7530
      6000    20     5.6588    43.9479
      6500    20     6.6306    51.2949
      7000    20     7.6857    59.4716
      7500    20     8.8601    68.6302
      8000    20    10.1187    77.9433
      8500    20    11.3410    87.7407
      9000    20    12.7034    98.2128
      9500    20    14.1219   108.9524
     10000    20    15.6963   121.4891
       500     9     0.1039     0.4044
       500     2     0.1597     0.3161
       500     1     0.3140     0.3138
      1000     9     0.3529     1.3224
      1000     2     0.6268     1.2458
      1500     9     0.7849     2.8454
      1000     1     1.2053     1.2052
      1500     2     1.4043     2.8048
      2000     9     1.3916     4.9441
      1500     1     2.7073     2.7071
      2000     2     2.5019     4.9856
      2500     9     2.1696     7.6382
      3000     9     3.1097    10.9148
      2500     2     3.9084     7.7971
      2000     1     4.8155     4.8154
      3500     9     4.2273    14.8168
      3000     2     5.6255    11.2172
      2500     1     7.5224     7.5222
      4000     9     5.5140    19.3101
      3500     2     7.6547    15.2660
      4500     9     6.9799    24.4749
      3000     1    10.8387    10.8386
      4000     2     9.9800    19.9453
      5000     9     8.6144    30.1171
      3500     1    14.7294    14.7293
      5500     9    10.4137    36.3909
      4500     2    12.6381    25.2559
      6000     9    12.3686    43.2682
      5000     2    15.5816    31.1542
      4000     1    19.2455    19.2453
      6500     9    14.5368    50.7886
      5500     2    18.9090    37.7162
      4500     1    24.3491    24.3489
      7000     9    16.8642    58.8795
      6000     2    22.4937    44.8767
      7500     9    19.3509    67.5570
      5000     1    30.0863    30.0855
      6500     2    26.3566    52.6782
      8000     9    22.0161    76.8634
      5500     1    36.4163    36.4161
      8500     9    24.8412    86.7232
      7000     2    30.5438    61.0821
      9000     9    27.8587    97.2281
      7500     2    35.1083    70.1012
      6000     1    43.3479    43.3478
      9500     9    30.9889   108.3122
      8000     2    39.9320    79.7931
      6500     1    50.8394    50.8392
     10000     9    34.3911   119.9635
       500    10     0.0921     0.4143
      1000    10     0.3043     1.3360
      1500    10     0.6794     2.8477
      2000    10     1.1988     4.9698
      2500    10     1.8627     7.6590
      3000    10     2.6704    10.9191
      3500    10     3.6304    14.8457
      4000    10     4.7362    19.3575
      4500    10     5.9930    24.4772
      5000    10     7.3878    30.1313
      8500     2    45.0409    90.0601
      5500    10     8.9408    36.4276
      6000    10    10.6404    43.3787
      7000     1    59.0020    59.0018
      6500    10    12.4819    50.7874
      7000    10    14.4737    58.8908
      9000     2    50.4961   100.9872
      7500    10    16.6096    67.6092
      8000    10    18.8890    76.8617
      7500     1    67.7327    67.7326
      8500    10    21.3303    86.7773
      9500     2    56.3163   112.4760
      9000    10    23.9336    97.3248
      9500    10    26.6341   108.3216
     10000     2    62.3316   124.6239
       500     3     0.2272     0.3324
      8000     1    77.0622    77.0621
      1000     3     0.9182     1.2806
      1500     3     2.1301     3.0999
      2000     3     3.5381     4.9173
      2500     3     5.4354     7.6053
     10000    10    29.5126   120.0449
      3000     3     7.7953    10.9108
      3500     3    10.6519    14.8582
      4000     3    13.9968    19.4953
      4500     3    17.6536    24.5576
      5000     3    21.6284    30.2997
      8500     1    86.9400    86.9398
      5500     3    26.2270    36.7190
      6000     3    31.1609    43.6438
      6500     3    36.7242    51.1502
      9000     1    97.4865    97.4863
      7000     3    42.6573    59.3593
      7500     3    48.6244    68.1256
      9500     1   108.6012   108.6010
      8000     3    55.6862    77.5259
      8500     3    62.8250    87.4563
     10000     1   120.3060   120.3059
       500     4     0.1645     0.3750
      1000     4     0.5818     1.3675
      1500     4     1.3111     2.8218
      2000     4     2.2436     4.8655
      2500     4     3.4988     7.6634
      3000     4     5.0479    10.9231
      3500     4     6.9066    14.9250
      4000     4     9.2696    20.0148
      4500     4    11.4186    24.6202
      9000     3    70.5666    98.1679
      5000     4    14.0282    30.4143
      5500     4    16.9588    36.7769
      6000     4    20.6109    44.4359
      6500     4    23.7605    51.4899
      9500     3    78.7108   109.4489
      7000     4    27.5879    59.7470
      7500     4    32.1081    69.3830
     10000     3    87.0964   121.2082
       500     5     0.1643     0.3656
      1000     5     0.5975     1.2722
      1500     5     1.3587     2.7915
      8000     4    36.5298    79.1323
      2000     5     2.4223     4.9316
      2500     5     3.8873     8.5244
      3000     5     5.4791    11.0830
      3500     5     7.3033    14.9341
      4000     5     9.5307    19.5659
      4500     5    11.9724    24.8936
      8500     4    41.0224    88.4977
      5000     5    14.7956    30.1926
      5500     5    18.1309    37.0108
      9000     4    45.3901    98.1119
      6000     5    21.2609    43.3440
      6500     5    24.9215    51.1625
      9500     4    51.1931   110.8108
      7000     5    29.0350    59.3157
      7500     5    33.2679    68.0851
     10000     4    56.4432   121.9348
       500     6     0.1256     0.3710
      1000     6     0.5326     1.3826
      1500     6     1.0268     3.0071
      2000     6     1.7794     5.0780
      2500     6     2.7412     7.7388
      3000     6     4.0181    11.2766
      3500     6     5.4965    15.4183
      4000     6     7.0441    19.5939
      8000     5    37.8399    77.2300
      4500     6     8.9310    24.9617
      5000     6    11.0587    30.6122
      5500     6    13.3128    36.9168
      8500     5    42.9081    87.5511
      6000     6    15.8373    44.2267
      6500     6    18.5884    51.7834
      7000     6    21.4385    60.2483
      9000     5    48.0041    97.8498
      7500     6    24.7496    68.7178
      8000     6    27.8389    77.8326
      9500     5    53.3007   108.6412
      8500     6    31.7934    88.1664
     10000     5    59.1580   120.6122
       500     7     0.1468     0.4143
      1000     7     0.4572     1.2747
      1500     7     1.0014     2.7859
      2000     7     1.8441     5.1898
      9000     6    35.4202    98.9531
      2500     7     2.7493     7.7345
      3000     7     4.0300    11.2365
      3500     7     5.3427    14.9467
      4000     7     7.2163    19.7111
      4500     7     8.9053    24.5381
      5000     7    10.9806    30.5270
      9500     6    39.3699   110.5093
      5500     7    13.3110    36.5850
      6000     7    15.8009    43.6713
     10000     6    43.9984   122.2826
       500     8     0.1028     0.3943
      1000     8     0.3641     1.3258
      6500     7    18.5182    51.2954
      1500     8     0.8337     2.8593
      2000     8     1.4514     5.0179
      2500     8     2.2401     7.7325
      3000     8     3.1746    11.0496
      3500     8     4.3848    15.1473
      4000     8     5.7272    19.7362
      7000     7    21.5190    59.3416
      4500     8     7.1835    24.8784
      5000     8     8.8618    30.4398
      5500     8    10.6787    36.7601
      7500     7    24.7516    68.0206
      6000     8    12.8787    44.3701
      6500     8    14.9202    51.7211
      8000     7    28.3065    78.8233
      7000     8    17.4353    59.8110
      8500     7    31.6315    87.2166
      7500     8    19.8739    68.8002
      8000     8    23.0915    79.0893
      9000     7    35.5611    98.0576
      8500     8    25.5969    88.7582
      9500     7    39.6389   109.0403
      9000     8    28.5888    99.0936
      9500     8    32.3769   111.1793
     10000     7    43.8492   121.4725
     10000     8    35.8639   123.6369
