       500    12     0.3285     0.3283     0.0000     0.0000     0.0000     0.0000     0.0000     0.0000     0.0000     0.0000     0.0000     0.0000     0.0000 
      1000    12     0.6030     0.0602     0.6028     0.5724     0.0515     0.0000     0.0000     0.0000     0.0000     0.0000     0.0000     0.0000     0.0000 
      1500    12     0.7897     0.0263     0.0742     0.3365     0.6013     0.7894     0.6175     0.3222     0.0768     0.0265     0.0000     0.0000     0.0000 
      2000    12     0.7895     0.1387     0.0721     0.0788     0.1275     0.3921     0.5464     0.6414     0.3723     0.7841     0.6675     0.7891     0.5075 
      2500    12     0.8358     0.8356     0.8247     0.7164     0.5755     0.5581     0.5502     0.5572     0.5528     0.5502     0.5534     0.6974     0.7893 
      3000    12     0.9827     0.9825     0.9668     0.9458     0.8894     0.9052     0.9130     0.8928     0.8863     0.8899     0.9003     0.9739     0.9486 
      3500    12     1.3262     1.2547     1.2378     1.2376     1.2247     1.2333     1.2420     1.2259     1.2371     1.2376     1.3258     1.2766     1.2784 
      4000    12     1.7265     1.5918     1.5908     1.5920     1.6093     1.5861     1.6119     1.7129     1.7000     1.7165     1.7261     1.6456     1.5906 
      4500    12     2.2179     2.0648     2.1250     2.0414     2.0342     2.0357     2.0358     2.0407     2.0405     2.0369     2.2174     2.1837     2.0359 
      5000    12     2.5740     2.5413     2.5559     2.5737     2.5504     2.5556     2.5352     2.5416     2.5386     2.5390     2.5413     2.5387     2.5339 
      5500    12     3.1101     3.1034     3.0999     3.1024     3.1085     3.1003     3.1064     3.0993     3.1077     3.1082     3.1097     3.0992     3.0999 
      6000    12     3.6541     3.6519     3.6508     3.6476     3.6483     3.6534     3.6485     3.6500     3.6498     3.6464     3.6477     3.6505     3.6499 
      6500    12     4.3255     4.3195     4.3201     4.3190     4.3253     4.3160     4.3237     4.3175     4.3218     4.3125     4.3173     4.3165     4.3183 
      7000    12     4.9983     4.9926     4.9979     4.9981     4.9893     4.9907     4.9897     4.9954     4.9893     4.9898     4.9889     4.9890     4.9952 
      7500    12     5.7259     5.7170     5.7229     5.7211     5.7216     5.7248     5.7167     5.7218     5.7241     5.7239     5.7244     5.7241     5.7079 
      8000    12     6.5230     6.5200     6.5199     6.5213     6.5226     6.5153     6.5206     6.5226     6.5198     6.5214     6.5148     6.5226     6.5195 
      8500    12     7.3206     7.3156     7.3146     7.3158     7.3131     7.3204     7.3113     7.3115     7.3057     7.3011     7.3192     7.3053     7.3123 
      9000    12     8.2712     8.2686     8.2663     8.2646     8.2710     8.2708     8.2664     8.2703     8.2699     8.2620     8.2705     8.2693     8.2703 
      9500    12     9.1643     9.1569     9.1555     9.1597     9.1636     9.1551     9.1569     9.1636     9.1568     9.1566     9.1617     9.1639     9.1590 
     10000    12    10.1895    10.1810    10.1887    10.1810    10.1887    10.1891    10.1892    10.1885    10.1872    10.1872    10.1863    10.1850    10.1845 
