       500     5     0.3175     0.3174     0.0000     0.0000     0.0000     0.0000 
      1000     5     0.5934     0.0609     0.5848     0.0716     0.5886     0.0000 
      1500     5     0.8522     0.6663     0.4278     0.6375     0.4256     0.8346 
      2000     5     1.0600     0.9798     1.0598     0.9759     1.0354     0.9746 
      2500     5     1.7042     1.5092     1.5029     1.7040     1.5812     1.4984 
      3000     5     2.3484     2.1915     2.2234     2.3481     2.1871     2.1950 
      3500     5     3.0610     3.0609     3.0314     3.0205     3.0298     3.0201 
      4000     5     3.9814     3.9796     3.9804     3.9748     3.9811     3.9805 
      4500     5     5.0197     5.0097     5.0090     5.0157     5.0186     5.0033 
      5000     5     6.2845     6.2795     6.2631     6.2630     6.2748     6.2843 
      5500     5     7.4788     7.4729     7.4725     7.4723     7.4702     7.4785 
      6000     5     8.9015     8.8998     8.8991     8.9013     8.8910     8.8802 
      6500     5    10.4398    10.4341    10.4374    10.4396    10.4366    10.4297 
      7000     5    12.1029    12.1019    12.1027    12.1025    12.1016    12.0963 
      7500     5    13.9066    13.8992    13.9032    13.9029    13.9064    13.8860 
      8000     5    15.8145    15.8056    15.8140    15.8079    15.8143    15.8057 
      8500     5    18.0189    18.0164    18.0017    18.0023    18.0153    18.0186 
      9000     5    20.0774    20.0771    20.0720    20.0772    20.0770    20.0642 
      9500     5    22.2987    22.2986    22.2850    22.2893    22.2951    22.2973 
     10000     5    24.8119    24.8117    24.7970    24.8009    24.8085    24.8096 
