       500    18     0.0608     0.0015     0.0024     0.0037     0.0145     0.0252     0.0378     0.0428     0.0518     0.0604     0.0583     0.0517     0.0432     0.0389     0.0246     0.0069     0.0041     0.0026     0.0015 
      1000    18     0.2117     0.0059     0.0099     0.0146     0.0386     0.0529     0.1104     0.1331     0.1667     0.1930     0.2112     0.1851     0.1225     0.1318     0.0603     0.0324     0.0156     0.0095     0.0064 
      1500    18     0.4299     0.0132     0.0197     0.0235     0.0617     0.1088     0.2266     0.2692     0.3522     0.4063     0.4295     0.3521     0.2719     0.2437     0.1280     0.0657     0.0266     0.0098     0.0133 
      2000    18     0.7286     0.0200     0.0271     0.0375     0.1009     0.1828     0.3912     0.4684     0.6125     0.7249     0.7282     0.6066     0.4826     0.4287     0.1848     0.0873     0.0391     0.0270     0.0220 
      2500    18     1.1294     0.0282     0.0369     0.0467     0.1459     0.2747     0.5982     0.7180     0.9401     1.0954     1.1289     0.9399     0.7194     0.6003     0.2974     0.1492     0.0492     0.0367     0.0280 
      3000    18     1.5806     0.0333     0.0443     0.0640     0.2064     0.3928     0.8595     1.0290     1.3578     1.5802     1.5653     1.3479     1.0333     0.8563     0.3987     0.2055     0.0670     0.0290     0.0331 
      3500    18     2.1462     0.0390     0.0538     0.0810     0.2780     0.5334     1.1707     1.4007     1.8685     2.1395     2.1457     1.8743     1.4023     1.1639     0.5294     0.2875     0.0666     0.0535     0.0387 
      4000    18     2.8244     0.0477     0.0669     0.0970     0.3622     0.7078     1.5280     1.8756     2.4065     2.7780     2.8238     2.4252     1.8371     1.5470     0.7087     0.3674     0.1051     0.0551     0.0474 
      4500    18     3.5100     0.0583     0.0826     0.1216     0.4436     0.8633     1.9128     2.3134     3.0173     3.5074     3.5095     3.0504     2.3088     1.9271     0.8869     0.4617     0.1261     0.0823     0.0579 
      5000    18     4.3464     0.0684     0.0983     0.1458     0.5666     1.0645     2.3554     2.8351     3.7349     4.3190     4.3458     3.7480     2.8432     2.3885     1.0677     0.5816     0.1538     0.0981     0.0681 
      5500    18     5.2593     0.0792     0.1154     0.1727     0.6505     1.2784     2.8459     3.4333     4.4913     5.2198     5.2588     4.5364     3.4661     2.8599     1.2904     0.6554     0.1737     0.1151     0.0789 
      6000    18     6.2431     0.0876     0.1308     0.1996     0.7717     1.5407     3.4612     4.1341     5.3652     6.2426     6.2260     5.4014     4.1045     3.4304     1.5829     0.7989     0.2132     0.1234     0.0873 
      6500    18     7.4328     0.1017     0.1522     0.2325     0.9023     1.7810     3.9845     4.7942     6.2827     7.3904     7.4322     6.3310     4.7929     4.0042     1.8256     0.9095     0.2176     0.1531     0.1065 
      7000    18     8.6354     0.1144     0.1729     0.2754     1.0467     2.0727     4.6200     5.5688     7.4465     8.6347     8.5009     7.2970     5.5907     4.6495     2.1396     1.0517     0.2861     0.1810     0.1240 
      7500    18     9.7713     0.1280     0.1950     0.3024     1.1974     2.3842     5.3591     6.4488     8.3597     9.7707     9.7156     8.4259     6.3923     5.3492     2.4169     1.2045     0.3037     0.1959     0.1286 
      8000    18    11.1589     0.1477     0.2242     0.3457     1.3895     2.8472     6.1452     7.5131     9.6513    11.1583    11.0541     9.6473     7.2679     6.1776     2.7739     1.4233     0.3644     0.2239     0.1475 
      8500    18    12.5722     0.1633     0.2495     0.3870     1.5500     3.0986     6.8450     8.2042    10.7688    12.5715    12.4859    10.8344     8.2654     6.8947     3.0813     1.5903     0.4031     0.2587     0.1749 
      9000    18    14.2089     0.1795     0.2760     0.4308     1.7339     3.4503     7.6673     9.3151    12.1114    14.2083    14.1682    12.1851     9.2683     7.6608     3.4882     1.7406     0.4511     0.3048     0.1737 
      9500    18    15.6934     0.1980     0.3055     0.4777     1.9338     3.8384     8.5182    10.2552    13.4413    15.5938    15.6928    13.5642    10.3340     8.6242     3.9102     1.9357     0.5062     0.3213     0.1911 
     10000    18    17.3774     0.2172     0.3364     0.5263     2.2085     4.3734     9.4516    11.3672    15.1323    17.2738    17.3768    14.9015    11.4383     9.5258     4.2653     2.2263     0.5484     0.3716     0.2083 
