       500     6     0.1256     0.0080     0.0558     0.1252     0.1252     0.0497     0.0071 
      1000     6     0.5326     0.0190     0.1686     0.5324     0.4785     0.1657     0.0184 
      1500     6     1.0268     0.0729     0.4353     1.0261     1.0089     0.4154     0.0484 
      2000     6     1.7794     0.0960     0.6384     1.7786     1.7689     0.7129     0.0833 
      2500     6     2.7412     0.1212     0.9915     2.7410     2.7292     1.0735     0.0824 
      3000     6     4.0181     0.1157     1.5626     3.9656     4.0179     1.5191     0.0957 
      3500     6     5.4965     0.2417     2.0486     5.4962     5.3459     2.1198     0.1661 
      4000     6     7.0441     0.1922     2.6171     7.0439     6.9784     2.5839     0.1783 
      4500     6     8.9310     0.2809     3.3089     8.8591     8.9307     3.3711     0.2110 
      5000     6    11.0587     0.3178     3.9973    11.0045    11.0584     3.9567     0.2775 
      5500     6    13.3128     0.3344     4.9404    13.1394    13.3123     4.8281     0.3621 
      6000     6    15.8373     0.4965     5.6513    15.8371    15.8040     5.8867     0.5511 
      6500     6    18.5884     0.5464     6.8151    18.4884    18.5881     6.8573     0.4880 
      7000     6    21.4385     0.5505     8.1555    21.3295    21.4376     8.2205     0.5546 
      7500     6    24.7496     0.6336     9.0210    24.7493    24.6622     8.9753     0.6763 
      8000     6    27.8389     0.7150    10.3881    27.7227    27.8382    10.4424     0.7262 
      8500     6    31.7934     0.8025    11.5380    31.7932    31.4050    11.8316     0.7963 
      9000     6    35.4202     0.9047    13.2128    35.4199    35.2505    13.2740     0.8912 
      9500     6    39.3699     1.0060    14.8726    39.3696    39.2808    14.9689     1.0114 
     10000     6    43.9984     1.0600    15.9855    43.9971    43.9561    15.8664     1.4176 
