       500     9     0.1039     0.0038     0.0178     0.0502     0.0816     0.1035     0.0739     0.0513     0.0182     0.0042 
      1000     9     0.3529     0.0150     0.0420     0.1503     0.2753     0.3526     0.2765     0.1525     0.0425     0.0158 
      1500     9     0.7849     0.0277     0.0763     0.3211     0.6016     0.7846     0.6048     0.3226     0.0779     0.0288 
      2000     9     1.3916     0.0378     0.1211     0.5558     1.0576     1.3912     1.0580     0.5598     0.1235     0.0394 
      2500     9     2.1696     0.0489     0.1789     0.8586     1.6418     2.1693     1.6430     0.8642     0.1821     0.0514 
      3000     9     3.1097     0.0609     0.2481     1.2300     2.3518     3.1094     2.3577     1.2329     0.2521     0.0719 
      3500     9     4.2273     0.0775     0.3337     1.6657     3.1993     4.2269     3.2052     1.6778     0.3356     0.0951 
      4000     9     5.5140     0.0981     0.4327     2.1736     4.1818     5.5136     4.1822     2.1858     0.4378     0.1046 
      4500     9     6.9799     0.1229     0.5462     2.7725     5.2884     6.9795     5.3107     2.7626     0.5494     0.1426 
      5000     9     8.6144     0.1469     0.6692     3.3932     6.5201     8.6141     6.5219     3.4092     0.6746     0.1681 
      5500     9    10.4137     0.1721     0.8065     4.1032     7.8876    10.4133     7.8905     4.1190     0.8072     0.1916 
      6000     9    12.3686     0.2029     0.9548     4.8840     9.3985    12.3682     9.3982     4.8958     0.9774     0.1883 
      6500     9    14.5368     0.2374     1.1206     5.7270    11.0181    14.5364    11.0161     5.7496     1.1263     0.2570 
      7000     9    16.8642     0.2734     1.2979     6.6409    12.7759    16.8638    12.7701     6.6590     1.3049     0.2935 
      7500     9    19.3509     0.3106     1.4871     7.6296    14.6476    19.3505    14.6713     7.6390     1.4925     0.3288 
      8000     9    22.0161     0.3503     1.6995     8.6707    16.6852    22.0156    16.6783     8.6941     1.6988     0.3709 
      8500     9    24.8412     0.3903     1.9077     9.7813    18.8357    24.8408    18.8274     9.8117     1.9171     0.4111 
      9000     9    27.8587     0.4395     2.1383    10.9764    21.1099    27.8583    21.1054    10.9924     2.1487     0.4594 
      9500     9    30.9889     0.4874     2.3809    12.2229    23.5497    30.9885    23.5071    12.2528     2.4141     0.5088 
     10000     9    34.3911     0.5371     2.6349    13.5363    26.0460    34.3907    26.0458    13.5667     2.6508     0.5552 
