       500    20     0.3309     0.3305     0.0000     0.0000     0.0000     0.0000     0.0000     0.0000     0.0000     0.0000     0.0000     0.0000     0.0000     0.0000     0.0000     0.0000     0.0000     0.0000     0.0000     0.0000     0.0000 
      1000    20     0.5883     0.0596     0.5879     0.5720     0.0601     0.0000     0.0000     0.0000     0.0000     0.0000     0.0000     0.0000     0.0000     0.0000     0.0000     0.0000     0.0000     0.0000     0.0000     0.0000     0.0000 
      1500    20     0.7880     0.0257     0.0741     0.3190     0.6151     0.7876     0.6026     0.3203     0.0750     0.0237     0.0000     0.0000     0.0000     0.0000     0.0000     0.0000     0.0000     0.0000     0.0000     0.0000     0.0000 
      2000    20     0.8317     0.0214     0.0303     0.0551     0.1291     0.3609     0.4955     0.6429     0.7857     0.8312     0.6602     0.4970     0.3777     0.1293     0.0526     0.0326     0.0237     0.0000     0.0000     0.0000     0.0000 
      2500    20     0.8225     0.0984     0.0476     0.0487     0.0563     0.0907     0.1295     0.2515     0.4474     0.4888     0.5636     0.7037     0.7895     0.8220     0.7772     0.7079     0.5645     0.4962     0.4350     0.2680     0.1289 
      3000    20     0.8501     0.6411     0.7394     0.5592     0.5141     0.4659     0.4492     0.3636     0.3166     0.3101     0.3091     0.4230     0.4499     0.4941     0.5477     0.6340     0.7255     0.7852     0.8115     0.8494     0.7887 
      3500    20     0.8629     0.7293     0.7562     0.7975     0.8243     0.8625     0.8454     0.8115     0.8062     0.7820     0.7122     0.7034     0.7088     0.7060     0.8321     0.8408     0.8109     0.7076     0.7043     0.7037     0.7315 
      4000    20     1.0604     0.9730     0.9856     1.0148     0.9998     1.0338     1.0589     1.0599     1.0217     0.9657     0.9662     0.9848     0.9651     0.9892     0.9587     0.9604     0.9661     0.9939     1.0356     0.9797     1.0206 
      4500    20     1.3144     1.2143     1.2190     1.2086     1.2156     1.2159     1.2133     1.2144     1.2139     1.2088     1.2148     1.2133     1.2222     1.2279     1.2302     1.2268     1.2670     1.3138     1.2108     1.2646     1.2757 
      5000    20     1.6875     1.4648     1.4689     1.4690     1.4658     1.4856     1.5818     1.6177     1.6863     1.6871     1.5102     1.6762     1.6846     1.6395     1.4650     1.4685     1.5833     1.4615     1.4711     1.4648     1.4633 
      5500    20     1.8905     1.8780     1.8804     1.8788     1.8750     1.8682     1.8748     1.8821     1.8708     1.8843     1.8756     1.8737     1.8753     1.8769     1.8895     1.8900     1.8682     1.8847     1.8691     1.8873     1.8728 
      6000    20     2.3621     2.3431     2.3358     2.2734     2.3617     2.2995     2.2100     2.2103     2.2095     2.2034     2.2014     2.2090     2.2077     2.2002     2.2095     2.3222     2.2082     2.2758     2.2099     2.2322     2.2041 
      6500    20     2.6730     2.6423     2.6472     2.6418     2.6626     2.6416     2.6627     2.6503     2.6446     2.6620     2.6352     2.6455     2.6711     2.6390     2.6502     2.6725     2.6378     2.6543     2.6457     2.6411     2.6447 
      7000    20     3.0539     3.0275     3.0152     3.0142     3.0235     3.0465     3.0188     3.0188     3.0228     3.0225     3.0255     3.0202     3.0183     3.0270     3.0175     3.0180     3.0287     3.0533     3.0185     3.0138     3.0139 
      7500    20     3.4924     3.4484     3.4518     3.4455     3.4347     3.4919     3.4482     3.4442     3.4409     3.4423     3.4405     3.4579     3.4425     3.4406     3.4409     3.4438     3.4365     3.4405     3.4400     3.4387     3.4384 
      8000    20     3.9974     3.9765     3.9870     3.9835     3.9738     3.9787     3.9836     3.9868     3.9835     3.9742     3.9710     3.9829     3.9830     3.9844     3.9769     3.9969     3.9777     3.9857     3.9835     3.9826     3.9751 
      8500    20     4.4593     4.4470     4.4590     4.4553     4.4559     4.4543     4.4542     4.4541     4.4556     4.4498     4.4511     4.4501     4.4483     4.4567     4.4550     4.4471     4.4548     4.4555     4.4553     4.4467     4.4553 
      9000    20     5.0085     4.9972     5.0080     5.0071     5.0011     5.0034     4.9981     4.9973     4.9977     5.0003     5.0034     4.9956     5.0032     4.9963     5.0080     4.9964     4.9957     4.9964     4.9964     4.9959     4.9955 
      9500    20     5.6053     5.5905     5.5959     5.5958     5.5960     5.5980     5.5909     5.5964     5.6023     5.5931     5.5956     5.5900     5.5966     5.5981     5.5892     5.6039     5.6019     5.6018     5.6016     5.5934     5.6045 
     10000    20     6.2096     6.2093     6.2074     6.2025     6.2093     6.2000     6.2078     6.2042     6.2053     6.2050     6.1995     6.2038     6.2027     6.2070     6.2045     6.2071     6.1995     6.2036     6.2061     6.2041     6.2086 
