       500     4     0.1645     0.0303     0.1501     0.1519     0.0427 
      1000     4     0.5818     0.1034     0.5771     0.5816     0.1054 
      1500     4     1.3111     0.1009     1.3013     1.3110     0.1086 
      2000     4     2.2436     0.1821     2.2434     2.2432     0.1968 
      2500     4     3.4988     0.3427     3.4985     3.4903     0.3319 
      3000     4     5.0479     0.4228     5.0478     5.0422     0.4103 
      3500     4     6.9066     0.5590     6.8997     6.9064     0.5598 
      4000     4     9.2696     0.7727     9.2120     9.2539     0.7763 
      4500     4    11.4186     0.9557    11.3441    11.3916     0.9288 
      5000     4    14.0282     1.1535    14.0280    14.0249     1.2078 
      5500     4    16.9588     1.4507    16.9586    16.9332     1.4344 
      6000     4    20.6109     1.6408    20.5482    20.6108     1.6360 
      6500     4    23.7605     1.9491    23.7604    23.7248     2.0556 
      7000     4    27.5879     2.2709    27.5878    27.4835     2.4048 
      7500     4    32.1081     2.5882    32.1079    32.0888     2.5981 
      8000     4    36.5298     2.9712    36.4839    36.5296     3.1475 
      8500     4    41.0224     3.3681    40.8255    41.0222     3.2818 
      9000     4    45.3901     3.6951    45.3008    45.3778     3.7382 
      9500     4    51.1931     4.3272    51.1929    51.0935     4.1972 
     10000     4    56.4432     4.7158    56.4430    56.1107     4.6653 
