       500    16     0.0576     0.0008     0.0020     0.0047     0.0157     0.0300     0.0373     0.0454     0.0546     0.0547     0.0427     0.0359     0.0268     0.0126     0.0055     0.0021     0.0014 
      1000    16     0.1993     0.0030     0.0064     0.0098     0.0308     0.0881     0.1206     0.1736     0.1937     0.1929     0.1576     0.1191     0.1032     0.0278     0.0101     0.0040     0.0023 
      1500    16     0.4601     0.0055     0.0097     0.0220     0.0633     0.1966     0.2698     0.3532     0.4335     0.4509     0.3520     0.2715     0.1969     0.0644     0.0213     0.0143     0.0053 
      2000    16     0.7859     0.0093     0.0167     0.0538     0.1297     0.3470     0.4782     0.6421     0.7684     0.7707     0.6271     0.4791     0.3483     0.1117     0.0388     0.0166     0.0097 
      2500    16     1.2231     0.0145     0.0246     0.0586     0.1741     0.5402     0.7469     0.9804     1.2007     1.2019     1.0025     0.7747     0.5443     0.1773     0.0608     0.0249     0.0146 
      3000    16     1.7600     0.0219     0.0355     0.0835     0.2509     0.7772     1.1142     1.4067     1.7304     1.7307     1.4122     1.1109     0.7849     0.2507     0.0854     0.0357     0.0219 
      3500    16     2.4419     0.0285     0.0510     0.1140     0.3414     1.0603     1.4614     1.9216     2.3623     2.4003     1.9652     1.4678     1.0659     0.3432     0.1151     0.0505     0.0286 
      4000    16     3.1325     0.0373     0.0664     0.1494     0.4457     1.4257     1.9149     2.5044     3.0750     3.0796     2.5077     1.9152     1.3909     0.4615     0.1544     0.0633     0.0373 
      4500    16     3.9571     0.0471     0.0798     0.1896     0.5629     1.7814     2.4677     3.1751     3.8920     3.8940     3.1731     2.4779     1.7892     0.5633     0.1909     0.0800     0.0472 
      5000    16     5.1259     0.0581     0.0986     0.2330     0.6969     2.1626     2.9951     3.9119     4.8878     5.0457     3.9843     3.0335     2.1773     0.6953     0.2359     0.0986     0.0583 
      5500    16     6.0686     0.0704     0.1193     0.2824     0.8420     2.6321     3.6249     4.7469     5.9843     5.8284     4.7385     3.6717     2.6970     0.8632     0.2910     0.1194     0.0705 
      6000    16     7.0421     0.0837     0.1420     0.3376     1.0016     3.1227     4.3079     5.6387     6.9190     6.9284     5.6430     4.3889     3.1807     1.0024     0.3381     0.1419     0.0839 
      6500    16     8.2766     0.0981     0.1665     0.3954     1.1746     3.6787     5.1393     6.6324     8.1252     8.1396     6.7531     5.1763     3.6971     1.1756     0.3972     0.1719     0.0984 
      7000    16     9.5924     0.1189     0.2034     0.4741     1.3645     4.2489     5.8726     7.6938     9.4461     9.4251     7.6869     5.8779     4.2656     1.4121     0.4797     0.1930     0.1141 
      7500    16    11.3771     0.1310     0.2219     0.5251     1.5662     4.8817     6.7274     8.8178    10.8198    11.2064     8.8112     6.8606     4.9749     1.5670     0.5273     0.2287     0.1310 
      8000    16    12.5150     0.1488     0.2642     0.5989     1.7818     5.5621     7.6622    10.2663    12.3265    12.3153    10.0986     7.6693     5.7043     1.7838     0.6007     0.2601     0.1489 
      8500    16    14.3397     0.1679     0.2845     0.6780     2.0125     6.2674     8.6456    11.3408    13.8996    14.1097    11.3792     8.8595     6.2830     2.0136     0.6785     0.2848     0.1681 
      9000    16    16.1524     0.1968     0.3191     0.7553     2.3130     7.0472     9.7076    12.8624    15.5925    15.8980    12.7094     9.6942     7.0624     2.2853     0.7904     0.3187     0.1884 
      9500    16    17.8184     0.2225     0.3876     0.8442     2.5206     8.0116    10.8079    14.1455    17.5703    17.3529    14.1437    10.8171     8.0396     2.5247     0.8667     0.3556     0.2100 
     10000    16    20.1077     0.2428     0.4126     0.9352     2.7912     8.6797    11.9733    15.6752    19.2451    19.7986    15.7432    11.9747     8.6970     2.7923     0.9381     0.4131     0.2326 
