       500     9     0.0944     0.3337
       500     2     0.1564     0.3077
       500     1     0.3062     0.3062
      1000     9     0.3508     1.2141
      1000     2     0.6154     1.2201
      1500     9     0.7824     2.7210
      1000     1     1.2036     1.2036
      1500     2     1.3785     2.7402
      2000     9     1.3830     4.7858
      1500     1     2.7048     2.7048
      2000     2     2.4482     4.8705
      2500     9     2.1927     7.5108
      3000     9     3.1379    10.8164
      2500     2     3.8262     7.6119
      2000     1     4.8088     4.8088
      3500     9     4.2634    14.7124
      3000     2     5.5244    10.9807
      2500     1     7.5166     7.5166
      4000     9     5.5556    19.1902
      3500     2     7.4956    14.9143
      4500     9     7.0130    24.2963
      3000     1    10.8004    10.8004
      4000     2     9.7857    19.4726
      5000     9     8.6470    29.9243
      3500     1    14.7103    14.7103
      4500     2    12.3853    24.6336
      5500     9    10.4625    36.2590
      6000     9    12.4449    43.1128
      5000     2    15.2889    30.4159
      4000     1    19.2297    19.2297
      6500     9    14.6231    50.6380
      5500     2    18.4933    36.8071
      4500     1    24.3231    24.3231
      7000     9    16.9453    58.6701
      6000     2    22.0131    43.8025
      7500     9    19.4499    67.3565
      5000     1    30.0271    30.0271
      6500     2    25.8461    51.4001
      8000     9    22.1362    76.6902
      5500     1    36.3412    36.3412
      7000     2    29.9659    59.6096
      8500     9    24.9979    86.5716
      9000     9    28.0046    96.9940
      7500     2    34.3970    68.4172
      6000     1    43.2493    43.2493
      9500     9    31.2419   108.1338
      8000     2    39.1303    77.8777
      6500     1    50.6790    50.6790
     10000     9    34.6066   119.7933
       500    10     0.0817     0.3379
      1000    10     0.3023     1.2086
      1500    10     0.6719     2.6949
      2000    10     1.1944     4.8052
      2500    10     1.8589     7.4911
      3000    10     2.6778    10.7875
      3500    10     3.6477    14.7254
      4000    10     4.7572    19.1498
      8500     2    44.2133    87.8995
      4500    10     6.0251    24.2611
      5000    10     7.4359    30.0163
      5500    10     9.0446    36.2712
      6000    10    10.6985    43.1154
      7000     1    58.8076    58.8076
      6500    10    12.5804    50.7886
      9000     2    49.5274    98.5369
      7000    10    14.6074    58.7612
      7500    10    16.7223    67.3833
      8000    10    19.0460    76.8063
      7500     1    67.5000    67.5000
      9500     2    55.2906   109.9563
      8500    10    21.5101    86.5628
      9000    10    24.0904    97.0576
     10000     2    61.1471   121.6122
      9500    10    26.8174   108.1331
       500     3     0.2229     0.3101
      1000     3     0.8914     1.2259
      1500     3     2.0141     2.7668
      2000     3     3.4768     4.8265
      8000     1    76.8343    76.8343
      2500     3     5.4169     7.5298
      3000     3     8.0426    11.0533
     10000    10    29.7280   119.8996
      3500     3    10.8888    14.9995
      4000     3    13.9105    19.2894
      4500     3    18.0546    24.8364
      5000     3    21.6991    30.1495
      8500     1    86.7357    86.7357
      5500     3    26.5852    36.7317
      6000     3    31.1573    43.2982
      6500     3    37.5358    51.7400
      9000     1    97.2438    97.2438
      7000     3    43.5443    59.9705
      7500     3    48.8145    67.8000
      9500     1   108.2853   108.2853
      8000     3    56.7540    78.2488
      8500     3    63.9315    88.1424
     10000     1   120.0173   120.0173
       500     4     0.1579     0.3257
      1000     4     0.5714     1.2187
      1500     4     1.2907     2.7664
      2000     4     2.2759     4.8755
      2500     4     3.6048     7.7048
      3000     4     5.1718    11.0712
      3500     4     6.9469    14.9041
      4000     4     9.0738    19.4697
      4500     4    11.5084    24.6557
      9000     3    70.3179    97.6719
      5000     4    14.9244    31.2791
      5500     4    18.1625    38.1415
      6000     4    20.7345    44.3541
      6500     4    24.1526    51.8990
      9500     3    80.1263   110.3396
      7000     4    27.9695    60.0724
      7500     4    31.8829    68.4583
     10000     3    88.6695   122.1585
       500     5     0.1578     0.3171
      1000     5     0.6071     1.2344
      1500     5     1.4051     2.8113
      8000     4    36.5806    78.5306
      2000     5     2.3759     4.8427
      2500     5     3.7784     7.6578
      3000     5     5.3408    10.9604
      3500     5     7.4107    14.9977
      4000     5     9.6676    19.5267
      4500     5    12.2702    24.6820
      8500     4    40.9394    87.8768
      5000     5    15.2757    30.6933
      5500     5    18.2335    36.9694
      9000     4    46.5877    99.8464
      6000     5    21.6217    43.7954
      6500     5    25.5020    51.7450
      9500     4    51.5617   110.7033
      7000     5    29.9626    60.1770
      7500     5    34.0194    68.9590
     10000     4    57.5422   123.5313
       500     6     0.1211     0.3335
      1000     6     0.4445     1.2221
      1500     6     1.0133     2.7719
      2000     6     1.8494     5.0454
      2500     6     2.7979     7.6911
      3000     6     4.0123    11.0307
      3500     6     5.4795    15.0588
      4000     6     7.0532    19.5035
      8000     5    37.8271    77.3173
      4500     6     8.9347    24.6441
      5000     6    11.0376    30.5395
      5500     6    14.0767    37.6292
      8500     5    42.8223    87.4002
      6000     6    16.1215    44.2844
      6500     6    18.6480    51.4210
      7000     6    22.0433    60.3569
      9000     5    49.0695    99.1585
      7500     6    25.5495    70.2550
      8000     6    28.7020    78.7932
      9500     5    54.5642   110.2056
      8500     6    31.8868    87.8934
     10000     5    60.4929   122.1191
       500     7     0.1162     0.3261
      1000     7     0.5190     1.2978
      1500     7     1.0214     2.7697
      2000     7     1.8285     4.9451
      9000     6    36.1977    99.6476
      2500     7     2.8236     7.6990
      3000     7     4.0223    11.0165
      3500     7     5.5541    15.1233
      4000     7     7.0824    19.5300
      4500     7     9.0281    24.6498
      5000     7    11.1358    30.4823
      9500     6    40.5589   111.0912
      5500     7    13.6881    37.0518
      6000     7    16.1620    44.1575
     10000     6    44.1190   121.7100
       500     8     0.0934     0.3234
      1000     8     0.3686     1.2468
      1500     8     0.8194     2.7742
      2000     8     1.4328     4.8708
      6500     7    19.0374    51.6592
      2500     8     2.2725     7.6781
      3000     8     3.2574    11.0423
      3500     8     4.5070    15.1041
      4000     8     5.8422    19.7460
      7000     7    22.1271    60.3010
      4500     8     7.3173    24.9347
      5000     8     9.0015    30.6948
      5500     8    10.7987    37.0078
      7500     7    25.0569    68.7868
      6000     8    12.8628    44.0080
      6500     8    15.2344    51.7347
      8000     7    28.7730    78.2552
      7000     8    17.9092    60.5593
      8500     7    32.3011    88.1179
      7500     8    20.2918    68.9818
      8000     8    23.2010    78.5916
      9000     7    36.5343   100.3246
      8500     8    26.2062    88.7005
      9500     7    40.2567   110.2523
      9000     8    29.4218   100.2033
      9500     8    32.9571   112.1229
     10000     7    44.9518   122.6818
     10000     8    35.9081   122.4908
       500    12     0.0738     0.3431
       500     1     0.3044     0.3044
      1000    12     0.2645     1.2548
      1500    12     0.5769     2.7187
      1000     1     1.2021     1.2021
      2000    12     1.0546     4.8565
      2500    12     1.5889     7.5295
      1500     1     2.7033     2.7033
      3000    12     2.2969    10.8381
      2000     1     4.8072     4.8072
      3500    12     3.1767    14.8455
      4000    12     4.1475    19.3241
      2500     1     7.5133     7.5133
      4500    12     5.2565    24.4494
      5000    12     6.5531    30.1793
      3000     1    10.8220    10.8220
      5500    12     7.6893    36.6226
      3500     1    14.7278    14.7278
      6000    12     9.1746    43.4713
      6500    12    10.9392    51.1928
      4000     1    19.2436    19.2436
      7000    12    12.6489    59.3050
      7500    12    14.3194    68.0293
      4500     1    24.3417    24.3417
      8000    12    16.2766    77.4493
      5000     1    30.0569    30.0569
      8500    12    18.9644    87.6848
      9000    12    21.6008    98.6466
      5500     1    36.3747    36.3747
      9500    12    22.9636   108.7529
     10000    12    25.4203   121.0872
       500    11     0.0786     0.3567
      1000    11     0.2935     1.2369
      1500    11     0.6448     2.7181
      2000    11     1.1485     4.8314
      2500    11     1.8327     7.5716
      6000     1    43.2714    43.2714
      3000    11     2.5759    10.8398
      3500    11     3.5086    14.7662
      4000    11     4.5917    19.2929
      4500    11     5.7979    24.4026
      5000    11     7.1458    29.9998
      5500    11     8.8595    36.5137
      6000    11    10.5295    43.7378
      6500     1    50.7956    50.7956
      6500    11    12.0807    50.8670
      7000    11    14.0106    59.1166
      7500    11    16.0977    67.8085
      8000    11    18.2974    77.1818
      7000     1    58.9231    58.9231
      8500    11    20.6644    86.5882
      9000    11    23.1760    97.1126
      9500    11    25.7842   108.1193
      7500     1    67.6161    67.6161
     10000    11    28.5954   120.7019
       500    12     0.0741     0.3472
      1000    12     0.2592     1.2286
      1500    12     0.5905     2.7327
      2000    12     1.0484     4.8484
      2500    12     1.6373     7.5445
      3000    12     2.2976    10.8569
      3500    12     3.2140    14.7838
      4000    12     4.0679    19.2714
      4500    12     5.2613    24.4562
      5000    12     6.3596    30.2034
      5500    12     7.8130    36.7072
      6000    12     9.2789    43.6810
      8000     1    76.9573    76.9573
      6500    12    10.8689    51.0336
      7000    12    12.4712    58.7987
      7500    12    14.3216    68.0106
      8000    12    16.3726    77.4834
      8500    12    18.5598    87.2902
      8500     1    86.8528    86.8528
      9000    12    21.0172    98.0123
      9500    12    22.9393   108.3456
     10000    12    25.7897   120.4866
       500    13     0.0647     0.3611
      1000    13     0.2542     1.2426
      1500    13     0.5639     2.7530
      2000    13     0.9961     4.8496
      2500    13     1.5267     7.5444
      3000    13     2.1962    10.8584
      3500    13     2.9956    14.8622
      4000    13     3.9091    19.4293
      4500    13     4.9489    24.3992
      5000    13     6.0997    30.1447
      5500    13     7.6419    36.7075
      6000    13     8.9541    43.5799
      9000     1    97.3990    97.3990
      6500    13    10.3165    50.9510
      7000    13    12.0951    59.5373
      7500    13    13.7748    68.0449
      8000    13    15.6482    77.2020
      8500    13    17.7745    87.4207
      9000    13    19.7572    97.2777
      9500     1   108.5078   108.5078
      9500    13    22.7734   109.9954
     10000    13    24.4362   121.0291
       500    14     0.0646     0.3501
      1000    14     0.2280     1.2298
      1500    14     0.5469     2.7598
      2000    14     0.9080     4.8478
      2500    14     1.4148     7.5988
      3000    14     2.0684    10.9410
      3500    14     2.7539    14.8863
      4000    14     3.6381    19.3662
      4500    14     4.6288    24.5247
      5000    14     5.6090    30.1999
      5500    14     6.9774    36.8340
      6000    14     8.1834    43.5705
      6500    14     9.3553    50.9812
      7000    14    10.9522    59.3701
      7500    14    12.5769    67.8982
      8000    14    14.8663    77.9416
     10000     1   120.2817   120.2817
      8500    14    16.2223    87.3992
      9000    14    18.4611    98.6840
      9500    14    19.9439   109.2123
     10000    14    22.3302   120.7665
       500    15     0.0609     0.3606
      1000    15     0.2189     1.2271
      1500    15     0.4831     2.7410
      2000    15     0.8561     4.8271
      2500    15     1.3493     7.5339
      3000    15     1.9187    10.8367
      3500    15     2.6150    14.7409
      4000    15     3.4507    19.4213
      4500    15     4.3271    24.3576
      5000    15     5.4452    30.3146
      5500    15     6.4486    36.4660
      6000    15     7.6593    43.3023
      6500    15     9.0023    50.9148
      7000    15    10.4395    59.5301
      7500    15    12.2717    68.0233
      8000    15    13.6397    77.6914
      8500    15    15.3863    87.3057
      9000    15    17.5995    98.1034
      9500    15    19.4239   108.9329
     10000    15    21.4713   121.0800
       500    16     0.0576     0.3723
      1000    16     0.1993     1.2430
      1500    16     0.4601     2.7301
      2000    16     0.7859     4.8473
      2500    16     1.2231     7.5411
      3000    16     1.7600    10.8527
      3500    16     2.4419    14.7771
      4000    16     3.1325    19.2286
      4500    16     3.9571    24.4112
      5000    16     5.1259    30.3729
      5500    16     6.0686    36.5820
      6000    16     7.0421    43.2604
      6500    16     8.2766    51.0195
      7000    16     9.5924    58.8768
      7500    16    11.3771    67.9979
      8000    16    12.5150    77.1916
      8500    16    14.3397    87.0727
      9000    16    16.1524    97.7407
      9500    16    17.8184   108.8203
     10000    16    20.1077   120.5448
       500    17     0.0527     0.3307
      1000    17     0.1931     1.2213
      1500    17     0.4275     2.7036
      2000    17     0.7617     4.8126
      2500    17     1.1853     7.5358
      3000    17     1.7028    10.8157
      3500    17     2.3248    14.6902
      4000    17     3.0520    19.3261
      4500    17     3.8301    24.3041
      5000    17     4.7298    30.0435
      5500    17     5.7337    36.5686
      6000    17     6.8140    43.1770
      6500    17     7.9977    50.8419
      7000    17     9.2911    59.0064
      7500    17    10.6979    68.0455
      8000    17    12.2431    77.7299
      8500    17    13.7011    86.9453
      9000    17    15.3348    98.1109
      9500    17    17.0552   108.8098
     10000    17    18.9221   120.4452
       500    18     0.0490     0.3316
      1000    18     0.1798     1.2239
      1500    18     0.3961     2.7199
      2000    18     0.7161     4.8768
      2500    18     1.1207     7.6376
      3000    18     1.5761    10.7891
      3500    18     2.1447    14.7277
      4000    18     2.8007    19.2278
      4500    18     3.6012    24.3588
      5000    18     4.4652    30.3176
      5500    18     5.2993    36.3559
      6000    18     6.2927    43.3383
      6500    18     7.5201    51.4918
      7000    18     8.6963    59.0319
      7500    18     9.8303    67.5919
      8000    18    11.2143    76.9660
      8500    18    12.9487    86.9404
      9000    18    14.1762    97.3518
      9500    18    15.7716   108.4514
     10000    18    17.4872   120.0703
       500    19     0.0500     0.3697
      1000    19     0.1735     1.2159
      1500    19     0.3866     2.7072
      2000    19     0.6856     4.7968
      2500    19     1.0719     7.5057
      3000    19     1.5777    10.8697
      3500    19     2.0866    14.7560
      4000    19     2.7244    19.2877
      4500    19     3.4843    24.4703
      5000    19     4.2617    30.0435
      5500    19     5.1643    36.5607
      6000    19     6.1408    43.1459
      6500    19     7.2369    50.8666
      7000    19     8.3820    58.9600
      7500    19     9.5857    67.6175
      8000    19    10.9757    77.0272
      8500    19    12.3313    86.8796
      9000    19    13.8254    97.3733
      9500    19    15.4430   108.9542
     10000    19    17.2061   121.0088
       500    20     0.0471     0.3475
      1000    20     0.1635     1.2569
      1500    20     0.3729     2.7593
      2000    20     0.6407     4.8106
      2500    20     0.9935     7.4968
      3000    20     1.4290    10.7924
      3500    20     1.9576    14.7212
      4000    20     2.5414    19.2965
      4500    20     3.2792    24.5212
      5000    20     3.9692    30.1461
      5500    20     4.8391    36.6053
      6000    20     5.7353    43.4800
      6500    20     6.6962    50.7422
      7000    20     7.8778    59.2971
      7500    20     8.9211    67.7545
      8000    20    10.1951    77.1488
      8500    20    11.4738    86.8094
      9000    20    12.8439    97.4048
      9500    20    14.3745   108.6460
     10000    20    15.9006   120.2449
