       500    19     0.0500     0.0005     0.0021     0.0031     0.0093     0.0115     0.0299     0.0302     0.0364     0.0445     0.0462     0.0439     0.0365     0.0286     0.0250     0.0115     0.0068     0.0015     0.0015     0.0007 
      1000    19     0.1735     0.0022     0.0036     0.0061     0.0203     0.0312     0.0820     0.1002     0.1256     0.1568     0.1681     0.1568     0.1241     0.1009     0.0819     0.0294     0.0173     0.0044     0.0030     0.0020 
      1500    19     0.3866     0.0043     0.0078     0.0102     0.0387     0.0648     0.1809     0.2322     0.2793     0.3492     0.3774     0.3492     0.2800     0.2257     0.1824     0.0663     0.0385     0.0095     0.0067     0.0043 
      2000    19     0.6856     0.0076     0.0117     0.0173     0.0673     0.1195     0.3215     0.4007     0.4958     0.6195     0.6720     0.6215     0.4965     0.3996     0.3242     0.1178     0.0681     0.0167     0.0118     0.0076 
      2500    19     1.0719     0.0118     0.0184     0.0274     0.1050     0.1821     0.5023     0.6264     0.7750     0.9792     1.0497     0.9683     0.7798     0.6233     0.5074     0.1823     0.1108     0.0262     0.0184     0.0119 
      3000    19     1.5777     0.0170     0.0380     0.0373     0.1513     0.2601     0.7256     0.9028     1.1195     1.3993     1.5499     1.4227     1.1184     0.9016     0.7278     0.2637     0.1534     0.0376     0.0265     0.0171 
      3500    19     2.0866     0.0232     0.0359     0.0510     0.2073     0.3549     0.9865     1.2217     1.5446     1.9390     2.0483     1.8997     1.5452     1.2318     0.9913     0.3567     0.2083     0.0511     0.0362     0.0232 
      4000    19     2.7244     0.0315     0.0470     0.0664     0.2702     0.4623     1.2920     1.5981     1.9864     2.4869     2.6760     2.6028     1.9895     1.6035     1.2913     0.4683     0.2715     0.0668     0.0470     0.0303 
      4500    19     3.4843     0.0383     0.0593     0.0841     0.3462     0.5979     1.6356     2.0466     2.5289     3.1990     3.4196     3.1551     2.5408     2.0372     1.6485     0.5943     0.3505     0.0873     0.0618     0.0393 
      5000    19     4.2617     0.0486     0.0739     0.1047     0.4229     0.7267     2.0394     2.4976     3.1575     3.8834     4.1882     3.8844     3.1095     2.5014     2.0224     0.7320     0.4246     0.1044     0.0745     0.0473 
      5500    19     5.1643     0.0572     0.1037     0.1256     0.5483     0.8762     2.4833     3.0245     3.8176     4.6980     5.0714     4.7116     3.8735     3.0470     2.4468     0.8899     0.5132     0.1262     0.0892     0.0573 
      6000    19     6.1408     0.0681     0.1056     0.1497     0.6086     1.0468     2.9047     3.5957     4.4746     5.5966     6.0302     5.5887     4.4728     3.6071     2.9131     1.0496     0.6097     0.1503     0.1057     0.0683 
      6500    19     7.2369     0.0799     0.1241     0.1755     0.7200     1.2536     3.4119     4.2294     5.3014     6.5807     7.1104     6.6084     5.2635     4.2371     3.4186     1.2358     0.7173     0.1762     0.1428     0.0800 
      7000    19     8.3820     0.0926     0.1487     0.2123     0.8301     1.4245     3.9525     4.9066     6.2225     7.6141     8.2374     7.6111     6.1099     4.8995     4.0000     1.4247     0.8318     0.2037     0.1454     0.0927 
      7500    19     9.5857     0.1065     0.1650     0.2336     0.9509     1.6310     4.6304     5.6385     6.9954     8.7485     9.4185     8.7664     7.0317     5.6465     4.5545     1.6411     0.9533     0.2337     0.1656     0.1066 
      8000    19    10.9757     0.1267     0.1879     0.2661     1.0813     1.8575     5.1710     6.4008     8.0851     9.9616    10.7863     9.9439     7.9609     6.4918     5.1795     1.8677     1.0838     0.2661     0.1879     0.1211 
      8500    19    12.3313     0.1367     0.2121     0.3006     1.2197     2.1011     5.9773     7.2269     8.9876    11.2128    12.1174    11.2343     9.0849     7.2408     5.8458     2.1060     1.2258     0.3010     0.2121     0.1367 
      9000    19    13.8254     0.1531     0.2375     0.3368     1.3690     2.3495     6.5548     8.1041    10.0645    12.7244    13.5907    12.6046    10.0755     8.1711     6.5559     2.3653     1.3742     0.3364     0.2378     0.1679 
      9500    19    15.4430     0.1715     0.2649     0.3757     1.5477     2.6642     7.4019     9.1297    11.4140    14.0951    15.1690    14.0305    11.2951     9.0351     7.3812     2.6345     1.5332     0.3752     0.2648     0.1709 
     10000    19    17.2061     0.1890     0.3151     0.4154     1.7163     2.9176     8.1423    10.0570    12.5764    15.7896    16.9114    15.6449    12.4998    10.1504     8.1157     2.9682     1.7008     0.4157     0.2942     0.1893 
