       500     8     0.1028     0.0048     0.0324     0.0631     0.1025     0.0995     0.0646     0.0242     0.0031 
      1000     8     0.3641     0.0192     0.0466     0.2270     0.3639     0.3586     0.2379     0.0547     0.0178 
      1500     8     0.8337     0.0231     0.1013     0.4793     0.8334     0.8143     0.4923     0.0879     0.0277 
      2000     8     1.4514     0.0393     0.1668     0.8517     1.4506     1.4298     0.8535     0.1803     0.0460 
      2500     8     2.2401     0.0585     0.2587     1.3085     2.2119     2.2397     1.3516     0.2436     0.0600 
      3000     8     3.1746     0.0747     0.3873     1.8968     3.1743     3.1626     1.9027     0.3657     0.0855 
      3500     8     4.3848     0.0961     0.4721     2.5509     4.3845     4.3780     2.6659     0.4779     0.1220 
      4000     8     5.7272     0.1226     0.6331     3.4093     5.7264     5.7140     3.3856     0.6184     0.1266 
      4500     8     7.1835     0.1486     0.7979     4.3112     7.1404     7.1825     4.3839     0.7760     0.1378 
      5000     8     8.8618     0.1830     0.9642     5.2101     8.7726     8.8607     5.2733     0.9912     0.1847 
      5500     8    10.6787     0.2157     1.1727     6.3013    10.6637    10.6773     6.3352     1.1764     0.2178 
      6000     8    12.8787     0.2557     1.4307     7.7882    12.7043    12.8772     7.7113     1.3611     0.2415 
      6500     8    14.9202     0.5074     1.6030     8.9367    14.9198    14.7946     8.8834     1.7860     0.2903 
      7000     8    17.4353     0.4243     1.9192    10.2269    17.4327    17.2370    10.2973     1.9001     0.3735 
      7500     8    19.8739     0.5087     2.3030    11.8187    19.8650    19.8508    11.7768     2.2973     0.3799 
      8000     8    23.0915     0.4766     2.5871    13.5066    23.0910    22.5439    13.9913     2.4442     0.4485 
      8500     8    25.5969     0.6100     2.8964    15.3810    25.5966    25.5781    15.2825     2.8404     0.5732 
      9000     8    28.5888     0.6684     3.1132    17.2656    28.5885    28.5320    17.0816     3.2890     0.5553 
      9500     8    32.3769     0.6404     3.6199    19.0290    32.0468    32.3759    19.1855     3.6146     0.6672 
     10000     8    35.8639     0.8711     3.8529    21.1056    35.8636    35.3255    21.6537     4.0237     0.9408 
