       500     2     0.3135     0.3134
       500     1     0.3094     0.3093
       500     9     0.3171     0.3169
      1000     9     0.5723     1.2581
      1000     2     0.6275     1.2538
      1000     1     1.1999     1.1998
      1500     9     0.7911     2.8420
      1500     2     1.4425     2.7988
      2000     9     0.7838     4.9169
      2500     9     0.9156     7.6431
      1500     1     2.6997     2.6995
      3000     9     1.2908    10.9365
      2000     2     2.4948     4.9798
      3500     9     1.7072    14.8216
      2500     2     3.8960     7.7881
      4000     9     2.2769    19.3537
      2000     1     4.8024     4.8023
      4500     9     2.7188    24.4334
      3000     2     5.6099    11.2158
      5000     9     3.3690    30.2634
      2500     1     7.4988     7.4986
      5500     9     4.0529    36.4369
      3500     2     7.6353    15.2608
      6000     9     4.8156    43.3072
      3000     1    10.8020    10.8019
      6500     9     5.6522    50.8502
      4000     2     9.9733    19.9442
      7000     9     6.5483    58.8986
      3500     1    14.7056    14.7054
      4500     2    12.6143    25.2243
      7500     9     7.5156    67.6047
      8000     9     8.5455    76.8826
      5000     2    15.5728    31.1364
      4000     1    19.2042    19.2041
      8500     9     9.6468    86.7879
      9000     9    10.8107    97.2615
      5500     2    18.8449    37.6884
      4500     1    24.2946    24.2944
      9500     9    12.0480   108.3903
     10000     9    13.3398   120.0191
       500    10     0.3179     0.3178
      6000     2    22.4204    44.8393
      1000    10     0.5740     1.2561
      1500    10     0.7923     2.8481
      2000    10     0.7888     4.9531
      2500    10     0.8449     7.6785
      3000    10     1.1616    10.9375
      3500    10     1.6625    14.8316
      4000    10     1.9946    19.3640
      4500    10     2.4478    24.4383
      5000     1    30.0191    30.0190
      5000    10     3.0241    30.1396
      5500    10     3.6667    36.6184
      6000    10     4.3434    43.3853
      6500     2    26.3194    52.6290
      6500    10     5.0840    50.7854
      7000    10     5.9146    59.0946
      7500    10     6.7689    67.6260
      8000    10     7.7183    77.1417
      5500     1    36.2956    36.2955
      7000     2    30.5201    61.0321
      8500    10     8.6821    86.7807
      9000    10     9.7590    97.5349
      9500    10    10.8617   108.5750
     10000    10    12.0351   120.3011
      7500     2    35.0279    70.0551
      6000     1    43.2089    43.2088
      8000     2    39.8677    79.7339
      6500     1    50.6809    50.6807
      8500     2    45.0084    90.0077
      7000     1    58.7718    58.7717
      9000     2    50.4576   100.9057
      7500     1    67.5030    67.5029
      9500     2    56.2002   112.3994
     10000     2    62.2683   124.5355
      8000     1    76.8153    76.8152
       500     3     0.3166     0.3165
      1000     3     0.5687     1.2228
      1500     3     0.9383     2.7750
      2000     3     1.6941     4.9292
      2500     3     2.5820     7.6958
      3000     3     3.7015    11.0857
      3500     3     5.0231    15.0532
      4000     3     6.5663    19.6696
      4500     3     8.3002    24.8912
      5000     3    10.2435    30.7173
      5500     3    12.3940    37.1571
      6000     3    14.7445    44.2167
      6500     3    17.3035    51.9028
      8500     1    86.7499    86.7497
      7000     3    20.0578    60.1718
      7500     3    23.2085    69.6108
      8000     3    26.2034    78.5969
      9000     1    97.2496    97.2495
      8500     3    29.5869    88.7482
      9000     3    33.1685    99.4891
      9500     3    37.0775   111.2267
      9500     1   108.3480   108.3478
     10000     3    40.8930   122.6692
       500     4     0.3116     0.3115
      1000     4     0.5955     1.2813
      1500     4     0.8175     2.8245
      2000     4     1.3365     5.0875
      2500     4     1.9755     7.8028
      3000     4     2.8970    11.4350
      3500     4     3.8207    15.2731
      4000     4     5.0252    20.0793
      4500     4     6.3091    25.2131
      5000     4     7.7987    31.1809
      5500     4     9.4372    37.7150
      6000     4    11.3460    45.3764
      6500     4    13.2541    52.9814
      7000     4    15.2413    60.9396
      7500     4    17.4935    69.9606
     10000     1   120.0714   120.0713
       500     5     0.3175     0.3174
      1000     5     0.5934     1.3060
      8000     4    19.9039    79.6043
      1500     5     0.8522     2.9919
      2000     5     1.0600     5.0255
      2500     5     1.7042     7.7957
      3000     5     2.3484    11.1450
      3500     5     3.0610    15.1627
      4000     5     3.9814    19.8964
      4500     5     5.0197    25.0562
      8500     4    22.4864    89.9110
      5000     5     6.2845    31.3647
      5500     5     7.4788    37.3664
      6000     5     8.9015    44.4714
      9000     4    25.3821   101.4929
      6500     5    10.4398    52.1774
      7000     5    12.1029    60.5050
      9500     4    28.1940   112.7412
      7500     5    13.9066    69.4977
      8000     5    15.8145    79.0474
     10000     4    31.1041   124.3916
       500     6     0.3114     0.3113
      1000     6     0.6197     1.3997
      1500     6     0.8229     2.9104
      2000     6     0.9637     5.2836
      8500     5    18.0189    90.0543
      2500     6     1.5686     8.7663
      3000     6     1.9350    11.4259
      3500     6     2.8631    16.9601
      4000     6     3.4380    20.5046
      4500     6     4.2880    25.6904
      5000     6     5.2647    31.5214
      9000     5    20.0774   100.3674
      5500     6     6.2960    37.7308
      6000     6     8.0572    48.2888
      6500     6     8.7995    52.7772
      9500     5    22.2987   111.4653
      7000     6    10.2873    61.6863
      7500     6    11.7371    70.3903
     10000     5    24.8119   124.0277
       500     7     0.3158     0.3156
      1000     7     0.5677     1.2438
      1500     7     0.7858     2.9378
      2000     7     0.8345     5.0386
      2500     7     1.1840     8.0167
      3000     7     1.7410    11.4112
      3500     7     2.4371    15.8405
      8000     6    13.4714    80.7797
      4000     7     2.9516    20.5592
      4500     7     3.6283    25.3638
      5000     7     4.4806    31.3213
      5500     7     5.3662    37.5212
      8500     6    15.1123    90.6708
      6000     7     6.3997    44.7884
      6500     7     7.5011    52.4691
      9000     6    16.9614   101.7506
      7000     7     8.7064    60.8714
      7500     7     9.9565    69.6590
      9500     6    18.9680   113.7712
      8000     7    11.3320    79.2762
      8500     7    12.8329    89.7882
     10000     6    20.8428   125.0124
       500     8     0.3189     0.3187
      1000     8     0.5855     1.2771
      1500     8     0.8087     2.9502
      2000     8     0.8418     5.1084
      2500     8     1.0786     8.2558
      3000     8     1.5500    11.3877
      3500     8     2.0301    15.9758
      4000     8     2.5252    20.1324
      4500     8     3.1695    25.3039
      9000     7    14.5554   101.8684
      5000     8     3.9102    31.2079
      5500     8     4.7205    37.7262
      6000     8     5.6213    44.9143
      9500     7    15.9665   111.7322
      6500     8     6.6531    53.1882
      7000     8     7.7724    62.1125
       500    11     0.3159     0.3157
      1000    11     0.5723     1.2459
      1500    11     0.7883     2.8363
      2000    11     0.7992     5.0410
     10000     7    17.6936   123.8127
      2500    11     0.8980     7.9199
      3000    11     1.2070    11.8617
      3500    11     1.5687    15.3211
      7500     8     8.8732    70.9307
      4000    11     1.8717    19.8464
      4500    11     2.3783    25.2157
      5000    11     2.8576    30.7503
      5500    11     3.4314    37.1117
      8000     8    10.0472    80.3343
      6000    11     3.9798    43.7160
      6500    11     4.7287    51.9085
      8500     8    11.4255    91.3394
      7000    11     5.4765    60.1193
      7500    11     6.3730    69.9943
      9000     8    12.7619   102.0650
      8000    11     7.1270    78.2813
      8500    11     8.0158    88.0214
      9500     8    14.1977   113.5184
      9000    11     8.9304    98.1123
     10000     8    15.5698   124.5221
      9500    11     9.9859   109.8131
     10000    11    11.0288   121.2769
       500    12     0.3285     0.3283
      1000    12     0.6030     1.2869
      1500    12     0.7897     2.8707
      2000    12     0.7895     5.1176
      2500    12     0.8358     7.7608
      3000    12     0.9827    11.0945
      3500    12     1.3262    15.0116
      4000    12     1.7265    19.6735
      4500    12     2.2179    24.8919
      5000    12     2.5740    30.5453
      5500    12     3.1101    37.2448
      6000    12     3.6541    43.7946
      6500    12     4.3255    51.8274
      7000    12     4.9983    59.9058
      7500    12     5.7259    68.6502
      8000    12     6.5230    78.2404
      8500    12     7.3206    87.7458
      9000    12     8.2712    99.2200
      9500    12     9.1643   109.9092
     10000    12    10.1895   122.2364
       500    13     0.3166     0.3164
      1000    13     0.6032     1.2963
      1500    13     0.8046     2.8669
      2000    13     0.7860     5.0395
      2500    13     0.8382     7.7773
      3000    13     0.9236    11.1591
      3500    13     1.2352    15.1030
      4000    13     1.6883    19.8214
      4500    13     1.9374    24.8199
      5000    13     2.4060    30.5202
      5500    13     2.8562    36.9381
      6000    13     3.3923    43.8556
      6500    13     3.9678    51.5262
      7000    13     4.6135    59.9191
      7500    13     5.2707    68.4292
      8000    13     5.9955    77.8569
      8500    13     6.7590    87.7642
      9000    13     7.6288    99.1152
      9500    13     8.4731   110.1037
     10000    13     9.3927   122.0246
       500    14     0.3118     0.3115
      1000    14     0.6357     1.3182
      1500    14     0.7891     2.8933
      2000    14     0.7988     5.1304
      2500    14     0.8249     7.8454
      3000    14     0.8896    11.2922
      3500    14     1.1830    15.3317
      4000    14     1.6090    19.8515
      4500    14     1.8961    25.3936
      5000    14     2.3370    31.0389
      5500    14     2.7147    37.8006
      6000    14     3.1929    44.5392
      6500    14     3.7797    52.6976
      7000    14     4.3086    60.2504
      7500    14     4.9031    68.5544
      8000    14     5.6280    78.7388
      8500    14     6.3727    89.1474
      9000    14     7.1131    99.4982
      9500    14     7.9613   111.4071
     10000    14     8.7773   122.8150
       500    15     0.3282     0.3280
      1000    15     0.5930     1.2812
      1500    15     0.7893     2.9303
      2000    15     0.7857     5.0560
      2500    15     0.8519     7.8555
      3000    15     0.8309    11.0955
      3500    15     1.0961    15.1722
      4000    15     1.4198    19.9348
      4500    15     1.7556    25.0120
      5000    15     2.2163    31.0216
      5500    15     2.5317    37.5669
      6000    15     3.0393    44.6699
      6500    15     3.4856    52.1743
      7000    15     4.0424    60.5291
      7500    15     4.6306    69.4019
      8000    15     5.2390    78.4801
      8500    15     5.9040    88.4650
      9000    15     6.6413    99.5371
      9500    15     7.4431   111.5692
     10000    15     8.2259   123.3262
       500    16     0.3165     0.3162
      1000    16     0.5848     1.2755
      1500    16     0.7916     2.9136
      2000    16     0.7858     5.0960
      2500    16     0.8341     7.8697
      3000    16     0.8351    11.2059
      3500    16     0.9914    15.2362
      4000    16     1.3817    20.0872
      4500    16     1.7148    25.0302
      5000    16     1.9695    30.7845
      5500    16     2.3941    37.2421
      6000    16     2.8365    44.8399
      6500    16     3.2768    52.3039
      7000    16     3.8066    60.7980
      7500    16     4.3424    69.4038
      8000    16     4.9278    78.6577
      8500    16     5.6199    89.7994
      9000    16     6.2513    99.9145
      9500    16     6.9454   111.0383
     10000    16     7.7215   123.4543
       500    17     0.3319     0.3317
      1000    17     0.5921     1.2850
      1500    17     0.7894     2.9283
      2000    17     0.7863     5.1588
      2500    17     0.8477     8.0125
      3000    17     0.8306    11.2703
      3500    17     0.9501    15.1309
      4000    17     1.2832    20.0143
      4500    17     1.6643    25.0995
      5000    17     1.8813    31.1303
      5500    17     2.3267    37.3351
      6000    17     2.6532    44.6528
      6500    17     3.1044    52.6299
      7000    17     3.5923    60.9087
      7500    17     4.1607    69.9683
      8000    17     4.6482    78.9553
      8500    17     5.2727    89.5085
      9000    17     5.8573    99.4966
      9500    17     6.5929   111.9574
     10000    17     7.3054   124.0925
       500    18     0.3100     0.3097
      1000    18     0.6026     1.2881
      1500    18     0.8541     2.9221
      2000    18     0.8245     5.1929
      2500    18     0.8198     7.8458
      3000    18     0.8179    11.2826
      3500    18     0.9257    15.3538
      4000    18     1.1832    19.6323
      4500    18     1.5503    24.9080
      5000    18     1.7848    30.9017
      5500    18     2.1945    37.0612
      6000    18     2.5031    44.7108
      6500    18     2.9577    52.4948
      7000    18     3.3586    60.1778
      7500    18     3.8526    69.2150
      8000    18     4.3991    79.0105
      8500    18     4.9558    89.0649
      9000    18     5.5858   100.4492
      9500    18     6.2168   111.8295
     10000    18     6.8626   123.3936
       500    19     0.3328     0.3326
      1000    19     0.5983     1.2882
      1500    19     0.7900     2.9202
      2000    19     0.8349     5.1323
      2500    19     0.8352     7.8684
      3000    19     0.8104    11.0986
      3500    19     0.8659    15.1402
      4000    19     1.1429    19.8672
      4500    19     1.4374    25.2108
      5000    19     1.7336    30.8638
      5500    19     2.0168    37.0113
      6000    19     2.4117    44.4847
      6500    19     2.7744    52.1538
      7000    19     3.2099    60.8392
      7500    19     3.6730    69.6954
      8000    19     4.1424    78.5893
      8500    19     4.6861    88.9233
      9000    19     5.2766   100.1523
      9500    19     5.8279   110.6116
     10000    19     6.4791   122.9842
       500    20     0.3309     0.3306
      1000    20     0.5883     1.2797
      1500    20     0.7880     2.8430
      2000    20     0.8317     5.1252
      2500    20     0.8225     7.9155
      3000    20     0.8501    11.1773
      3500    20     0.8629    15.3760
      4000    20     1.0604    19.9333
      4500    20     1.3144    24.5907
      5000    20     1.6875    30.8149
      5500    20     1.8905    37.5555
      6000    20     2.3621    44.9269
      6500    20     2.6730    52.9923
      7000    20     3.0539    60.4646
      7500    20     3.4924    68.9082
      8000    20     3.9974    79.6271
      8500    20     4.4593    89.0610
      9000    20     5.0085    99.9929
      9500    20     5.6053   111.9356
     10000    20     6.2096   124.0970
