       500    13     0.0843     0.0023     0.0043     0.0183     0.0386     0.0537     0.0708     0.0838     0.0692     0.0490     0.0403     0.0272     0.0042     0.0025 
      1000    13     0.2597     0.0089     0.0141     0.0444     0.1034     0.1653     0.2255     0.2593     0.2182     0.1661     0.1090     0.0447     0.0080     0.0091 
      1500    13     0.5590     0.0175     0.0261     0.0748     0.2090     0.3492     0.4845     0.5586     0.4807     0.3471     0.2303     0.0751     0.0258     0.0185 
      2000    13     1.0055     0.0283     0.0396     0.1233     0.3622     0.6088     0.8482     1.0050     0.8554     0.6084     0.3863     0.1528     0.0389     0.0233 
      2500    13     1.5387     0.0340     0.0505     0.1815     0.5726     0.9513     1.3378     1.5383     1.3160     0.9415     0.5589     0.1821     0.0518     0.0352 
      3000    13     2.1874     0.0419     0.0649     0.2548     0.8082     1.3493     1.9051     2.1870     1.9039     1.3835     0.7998     0.2569     0.0639     0.0440 
      3500    13     3.0012     0.0571     0.0886     0.3570     1.0815     1.8516     2.5826     3.0008     2.5737     1.8500     1.0876     0.3446     0.0818     0.0672 
      4000    13     3.9393     0.0659     0.1050     0.4632     1.4178     2.4173     3.4241     3.9388     3.3868     2.4190     1.4156     0.4468     0.1090     0.0705 
      4500    13     4.9213     0.0762     0.1258     0.5637     1.7943     3.0544     4.3686     4.9208     4.2591     3.0232     1.7832     0.5578     0.1286     0.0929 
      5000    13     6.0922     0.0975     0.1626     0.7163     2.2009     3.7326     5.3115     6.0918     5.3057     3.7961     2.2679     0.6858     0.1534     0.0978 
      5500    13     7.4870     0.1070     0.1811     0.8396     2.7282     4.5490     6.3740     7.4865     6.3369     4.5330     2.6581     0.8235     0.1831     0.1232 
      6000    13     8.8532     0.1324     0.2136     1.0025     3.1839     5.4099     7.5691     8.8526     7.5610     5.4465     3.1586     0.9798     0.2125     0.1329 
      6500    13    10.2297     0.1455     0.2634     1.2025     3.7060     6.3456     9.1195    10.2291     8.8775     6.3457     3.7830     1.1474     0.2477     0.1444 
      7000    13    12.1406     0.1681     0.2878     1.3861     4.3358     7.3516    10.4197    12.1402    10.3049     7.3088     4.2982     1.3322     0.2850     0.1794 
      7500    13    13.7774     0.2005     0.3445     1.5514     4.9406     8.4109    12.0334    13.7682    11.9804     8.3917     4.9907     1.5220     0.3271     0.1897 
      8000    13    15.8111     0.2153     0.3725     1.7458     5.8277     9.5967    13.4279    15.8107    13.4318     9.6866     5.8078     1.7830     0.4085     0.2728 
      8500    13    17.6804     0.2392     0.4158     2.0357     6.4334    10.8511    15.5848    17.6799    15.5168    10.8549     6.3926     1.9604     0.4250     0.2391 
      9000    13    20.0883     0.2645     0.4764     2.2903     7.2399    12.1863    16.9628    20.0844    17.0157    12.1803     7.1864     2.2328     0.4732     0.2832 
      9500    13    21.9736     0.2933     0.5131     2.4777     7.9634    13.5782    19.4711    21.9733    19.1450    13.6058     7.9918     2.5760     0.5308     0.2974 
     10000    13    24.5526     0.3245     0.5690     2.7621     9.0076    15.0779    21.0920    24.5521    21.1246    15.0664     8.8092     2.8284     0.5693     0.3244 
