       500     5     0.1643     0.0147     0.0869     0.1641     0.0886     0.0113 
      1000     5     0.5975     0.0358     0.3074     0.5972     0.3082     0.0236 
      1500     5     1.3587     0.0645     0.6434     1.3583     0.6696     0.0557 
      2000     5     2.4223     0.0981     1.1698     2.4221     1.1524     0.0892 
      2500     5     3.8873     0.3462     1.9888     3.8740     1.9748     0.3406 
      3000     5     5.4791     0.2172     2.5801     5.4788     2.5881     0.2188 
      3500     5     7.3033     0.2821     3.4982     7.3031     3.5721     0.2786 
      4000     5     9.5307     0.3706     4.6687     9.5304     4.6569     0.3393 
      4500     5    11.9724     0.5802     5.7800    11.9669     5.9045     0.6620 
      5000     5    14.7956     0.5464     7.1226    14.7953     7.1730     0.5552 
      5500     5    18.1309     0.6988     8.6077    18.1307     8.8799     0.6937 
      6000     5    21.2609     0.7744    10.2392    21.2606    10.2712     0.7985 
      6500     5    24.9215     0.9820    12.1399    24.9213    12.1609     0.9585 
      7000     5    29.0350     1.1016    14.1031    29.0347    14.0375     1.0388 
      7500     5    33.2679     1.2639    16.1561    33.2676    16.1206     1.2769 
      8000     5    37.8399     1.4376    18.2606    37.8397    18.2739     1.4182 
      8500     5    42.9081     1.6426    20.6955    42.9078    20.6873     1.6178 
      9000     5    48.0041     1.8145    23.2077    48.0039    22.9961     1.8276 
      9500     5    53.3007     1.9622    25.7019    53.2932    25.6629     2.0210 
     10000     5    59.1580     2.2366    28.4802    59.1577    28.6220     2.1157 
