       500     8     0.0934     0.0019     0.0130     0.0535     0.0911     0.0914     0.0574     0.0126     0.0025 
      1000     8     0.3686     0.0073     0.0380     0.2178     0.3638     0.3600     0.2129     0.0384     0.0085 
      1500     8     0.8194     0.0146     0.0854     0.4764     0.8056     0.8098     0.4814     0.0860     0.0148 
      2000     8     1.4328     0.0262     0.1522     0.8368     1.4163     1.4186     0.8413     0.1531     0.0263 
      2500     8     2.2725     0.0408     0.2396     1.3184     2.2567     2.2282     1.3153     0.2382     0.0410 
      3000     8     3.2574     0.0588     0.3417     1.8845     3.2147     3.2315     1.9101     0.3419     0.0589 
      3500     8     4.5070     0.0798     0.4665     2.5629     4.4681     4.3694     2.6055     0.4718     0.0801 
      4000     8     5.8422     0.1039     0.6317     3.3544     5.7918     5.7204     3.4291     0.6098     0.1047 
      4500     8     7.3173     0.1314     0.7672     4.3309     7.2830     7.2095     4.2576     0.8225     0.1324 
      5000     8     9.0015     0.1625     0.9484     5.2447     8.9545     8.9316     5.3382     0.9522     0.1627 
      5500     8    10.7987     0.1972     1.1603     6.4377    10.7084    10.7283     6.4305     1.1485     0.1969 
      6000     8    12.8628     0.2344     1.3648     7.6342    12.7635    12.7719     7.6390     1.3652     0.2351 
      6500     8    15.2344     0.2741     1.6040     8.9488    15.0346    15.1233     8.8715     1.6035     0.2747 
      7000     8    17.9092     0.3177     1.8926    10.4748    17.8263    17.5882    10.2829     1.8596     0.3172 
      7500     8    20.2918     0.3635     2.1353    11.7701    20.0948    20.1485    11.9452     2.1587     0.3658 
      8000     8    23.2010     0.4152     2.4305    13.6081    23.0647    22.8042    13.4250     2.4281     0.4158 
      8500     8    26.2062     0.4682     2.7418    15.3080    26.0757    25.6949    15.1693     2.7731     0.4694 
      9000     8    29.4218     0.5239     3.0902    17.5298    29.2842    29.0206    17.1553     3.0745     0.5248 
      9500     8    32.9571     0.5832     3.4267    19.2686    32.6881    32.7217    19.4307     3.4178     0.5862 
     10000     8    35.9081     0.6480     3.7879    20.9505    35.7115    35.5988    21.3468     3.7990     0.6482 
