       500     2     0.1597     0.1575     0.1587 
      1000     2     0.6268     0.6194     0.6263 
      1500     2     1.4043     1.4011     1.4037 
      2000     2     2.5019     2.4842     2.5014 
      2500     2     3.9084     3.8916     3.9056 
      3000     2     5.6255     5.5922     5.6250 
      3500     2     7.6547     7.6116     7.6544 
      4000     2     9.9800     9.9671     9.9783 
      4500     2    12.6381    12.6254    12.6305 
      5000     2    15.5816    15.5730    15.5811 
      5500     2    18.9090    18.8091    18.9071 
      6000     2    22.4937    22.3837    22.4930 
      6500     2    26.3566    26.3565    26.3217 
      7000     2    30.5438    30.5388    30.5433 
      7500     2    35.1083    34.9930    35.1082 
      8000     2    39.9320    39.9319    39.8612 
      8500     2    45.0409    45.0408    45.0193 
      9000     2    50.4961    50.4919    50.4953 
      9500     2    56.3163    56.1604    56.3157 
     10000     2    62.3316    62.3315    62.2924 
