       500    14     0.0714     0.0020     0.0037     0.0145     0.0295     0.0481     0.0600     0.0709     0.0711     0.0581     0.0501     0.0302     0.0150     0.0039     0.0021 
      1000    14     0.2515     0.0085     0.0143     0.0368     0.0756     0.1435     0.1839     0.2254     0.2510     0.1766     0.1429     0.0759     0.0387     0.0143     0.0087 
      1500    14     0.5214     0.0144     0.0238     0.0605     0.1453     0.3015     0.3954     0.5210     0.5074     0.3973     0.3174     0.1477     0.0622     0.0251     0.0164 
      2000    14     0.8897     0.0253     0.0354     0.0949     0.2475     0.5219     0.7079     0.8868     0.8893     0.6885     0.5266     0.2499     0.0963     0.0365     0.0246 
      2500    14     1.3958     0.0327     0.0460     0.1404     0.3817     0.8246     1.0702     1.3953     1.3796     1.0716     0.8074     0.3812     0.1444     0.0492     0.0358 
      3000    14     1.9979     0.0426     0.0616     0.2155     0.5349     1.1829     1.5344     1.9974     1.9968     1.5488     1.1632     0.5370     0.2007     0.0441     0.0426 
      3500    14     2.7102     0.0502     0.0761     0.2622     0.7399     1.5888     2.0838     2.7098     2.6952     2.1121     1.5703     0.7289     0.2845     0.0758     0.0500 
      4000    14     3.5336     0.0597     0.0933     0.3364     0.9566     2.0660     2.7374     3.5332     3.5158     2.7196     2.0494     0.9478     0.3526     0.0958     0.0628 
      4500    14     4.4665     0.0749     0.1143     0.4268     1.2024     2.6181     3.4403     4.4659     4.4454     3.4778     2.5882     1.1975     0.4457     0.1152     0.0750 
      5000    14     5.5928     0.0832     0.1358     0.5145     1.4606     3.2489     4.2352     5.5923     5.5463     4.2364     3.1913     1.4734     0.5238     0.1443     0.0887 
      5500    14     6.6518     0.1040     0.1621     0.6416     1.7956     3.8945     5.1312     6.6242     6.6513     5.1528     3.8554     1.7791     0.6498     0.1671     0.1052 
      6000    14     8.0573     0.1159     0.1917     0.7379     2.1447     4.6369     6.2037     8.0225     8.0569     6.1501     4.5977     2.1577     0.7424     0.1910     0.1240 
      6500    14     9.2939     0.1310     0.2196     0.8686     2.5035     5.4414     7.1645     9.2535     9.2934     7.2121     5.4549     2.5137     0.8641     0.2344     0.1308 
      7000    14    10.7981     0.1502     0.2646     0.9981     2.9421     6.3245     8.4125    10.7976    10.7169     8.4904     6.3419     2.8700     0.9989     0.2794     0.1487 
      7500    14    12.3949     0.1712     0.2894     1.1482     3.3002     7.1861     9.6117    12.3829    12.3943     9.6478     7.2934     3.3447     1.1477     0.2912     0.1849 
      8000    14    14.1743     0.1939     0.3283     1.3000     3.7749     8.2190    11.1041    14.0751    14.1739    10.9612     8.2010     3.8877     1.3153     0.3272     0.1901 
      8500    14    15.9390     0.2171     0.3690     1.4730     4.2594     9.2796    12.2781    15.9385    15.9161    12.3546     9.2997     4.3443     1.4750     0.3726     0.2169 
      9000    14    18.0475     0.2425     0.4125     1.6545     4.7597    10.4199    13.7694    18.0069    18.0470    13.8415    10.4187     4.8285     1.6633     0.4364     0.2425 
      9500    14    19.9319     0.2680     0.4576     1.8518     5.3128    11.6148    15.3895    19.9314    19.8399    15.5052    11.5194     5.4180     1.8379     0.4665     0.2764 
     10000    14    22.1686     0.2950     0.5045     2.0605     5.8742    12.8201    16.9943    22.1681    22.0055    17.0391    12.8383     5.8539     2.1398     0.5359     0.2958 
