       500    15     0.3282     0.3279     0.0000     0.0000     0.0000     0.0000     0.0000     0.0000     0.0000     0.0000     0.0000     0.0000     0.0000     0.0000     0.0000     0.0000 
      1000    15     0.5930     0.0593     0.5683     0.5927     0.0609     0.0000     0.0000     0.0000     0.0000     0.0000     0.0000     0.0000     0.0000     0.0000     0.0000     0.0000 
      1500    15     0.7893     0.0247     0.0730     0.3233     0.6929     0.7890     0.6037     0.3211     0.0760     0.0265     0.0000     0.0000     0.0000     0.0000     0.0000     0.0000 
      2000    15     0.7857     0.0348     0.0317     0.0521     0.1261     0.3608     0.4927     0.6400     0.7845     0.7853     0.6577     0.4941     0.3818     0.1281     0.0547     0.0314 
      2500    15     0.8519     0.5662     0.4987     0.4472     0.2898     0.2340     0.2322     0.2484     0.4297     0.4855     0.5572     0.6990     0.8025     0.8515     0.7902     0.7232 
      3000    15     0.8309     0.7466     0.7803     0.8250     0.8256     0.7873     0.7562     0.7209     0.6909     0.6738     0.7128     0.8304     0.7252     0.6759     0.6734     0.6711 
      3500    15     1.0961     1.0153     1.0202     1.0246     0.9870     1.0510     0.9764     1.0956     0.9729     0.9765     0.9688     0.9937     0.9685     0.9765     1.0761     1.0689 
      4000    15     1.4198     1.3236     1.4195     1.3064     1.3049     1.3359     1.3032     1.3017     1.2998     1.3038     1.4008     1.3119     1.3017     1.3550     1.3480     1.3187 
      4500    15     1.7556     1.6203     1.6148     1.6125     1.6173     1.6203     1.6191     1.6201     1.6478     1.7122     1.7421     1.7441     1.7306     1.7118     1.7551     1.6438 
      5000    15     2.2163     2.0330     2.2160     2.0351     2.0342     2.0516     2.0341     2.0308     2.0498     2.0324     2.0536     2.0622     2.0574     2.0391     2.1830     2.1094 
      5500    15     2.5317     2.4979     2.5054     2.4980     2.5066     2.5010     2.5013     2.4990     2.5070     2.5049     2.4986     2.5069     2.5049     2.4982     2.5058     2.5312 
      6000    15     3.0393     2.9669     2.9645     2.9664     3.0390     2.9845     2.9705     2.9674     2.9691     2.9745     2.9630     2.9950     2.9620     2.9688     3.0118     2.9665 
      6500    15     3.4856     3.4790     3.4797     3.4742     3.4787     3.4785     3.4730     3.4759     3.4817     3.4832     3.4802     3.4788     3.4748     3.4851     3.4722     3.4795 
      7000    15     4.0424     4.0382     4.0338     4.0316     4.0320     4.0315     4.0421     4.0394     4.0363     4.0374     4.0404     4.0312     4.0342     4.0320     4.0313     4.0377 
      7500    15     4.6306     4.6283     4.6285     4.6193     4.6268     4.6303     4.6286     4.6264     4.6288     4.6264     4.6276     4.6278     4.6194     4.6275     4.6275     4.6285 
      8000    15     5.2390     5.2306     5.2388     5.2315     5.2321     5.2308     5.2323     5.2307     5.2318     5.2303     5.2306     5.2313     5.2318     5.2352     5.2304     5.2319 
      8500    15     5.9040     5.8992     5.8979     5.8971     5.8935     5.8966     5.9037     5.8946     5.8950     5.9022     5.8949     5.8979     5.9027     5.8941     5.8956     5.9000 
      9000    15     6.6413     6.6326     6.6360     6.6346     6.6328     6.6361     6.6359     6.6338     6.6358     6.6408     6.6383     6.6387     6.6331     6.6331     6.6408     6.6347 
      9500    15     7.4431     7.4384     7.4384     7.4429     7.4366     7.4428     7.4352     7.4413     7.4396     7.4359     7.4343     7.4341     7.4342     7.4392     7.4413     7.4351 
     10000    15     8.2259     8.2230     8.2171     8.2256     8.2254     8.2241     8.2239     8.2194     8.2181     8.2253     8.2168     8.2210     8.2238     8.2255     8.2205     8.2167 
