       500    18     0.0490     0.0010     0.0015     0.0023     0.0090     0.0130     0.0258     0.0309     0.0392     0.0456     0.0456     0.0390     0.0303     0.0252     0.0126     0.0069     0.0019     0.0011     0.0007 
      1000    18     0.1798     0.0025     0.0056     0.0076     0.0247     0.0449     0.0959     0.1160     0.1484     0.1741     0.1731     0.1485     0.1125     0.0939     0.0429     0.0211     0.0064     0.0032     0.0026 
      1500    18     0.3961     0.0045     0.0083     0.0125     0.0474     0.0931     0.2293     0.2521     0.3324     0.3863     0.3867     0.3335     0.2543     0.2107     0.0954     0.0494     0.0120     0.0073     0.0048 
      2000    18     0.7161     0.0081     0.0137     0.0204     0.0839     0.1657     0.3774     0.4554     0.5973     0.6973     0.7014     0.6033     0.4581     0.3784     0.1880     0.0866     0.0208     0.0129     0.0081 
      2500    18     1.1207     0.0143     0.0212     0.0318     0.1310     0.2629     0.5962     0.7300     0.9233     1.0969     1.0987     0.9389     0.7283     0.5964     0.2659     0.1355     0.0328     0.0210     0.0127 
      3000    18     1.5761     0.0182     0.0289     0.0465     0.1886     0.3747     0.8418     1.0116     1.3275     1.5465     1.5475     1.3296     1.0158     0.8403     0.3794     0.1973     0.0468     0.0290     0.0190 
      3500    18     2.1447     0.0247     0.0395     0.0626     0.2581     0.5102     1.1432     1.3796     1.8454     2.1031     2.1046     1.8138     1.3773     1.1646     0.5149     0.2588     0.0633     0.0394     0.0248 
      4000    18     2.8007     0.0323     0.0529     0.0816     0.3374     0.6675     1.4931     1.8005     2.3652     2.7451     2.7505     2.4193     1.8052     1.4988     0.6743     0.3377     0.0824     0.0516     0.0323 
      4500    18     3.6012     0.0408     0.0651     0.1037     0.4259     0.8457     1.8912     2.2813     2.9899     3.4744     3.5372     3.0426     2.2807     1.8926     0.8502     0.4272     0.1041     0.0651     0.0410 
      5000    18     4.4652     0.0504     0.0844     0.1281     0.5260     1.0555     2.3588     2.8303     3.7693     4.3207     4.3837     3.7278     2.8697     2.3415     1.0673     0.5388     0.1327     0.0804     0.0524 
      5500    18     5.2993     0.0610     0.0971     0.1544     0.6364     1.2652     2.8239     3.4104     4.4647     5.2167     5.1962     4.4745     3.4074     2.9191     1.2711     0.6389     0.1604     0.0971     0.0611 
      6000    18     6.2927     0.0727     0.1155     0.1846     0.7569     1.5022     3.3670     4.0508     5.3429     6.1807     6.1837     5.5051     4.0606     3.3644     1.5139     0.7609     0.1847     0.1157     0.0760 
      6500    18     7.5201     0.0853     0.1360     0.2174     0.8989     1.8045     3.9905     4.8269     6.4216     7.3972     7.3159     6.2970     4.8664     4.0418     1.8043     0.9470     0.2194     0.1357     0.0860 
      7000    18     8.6963     0.0989     0.1574     0.2503     1.0486     2.0463     4.5819     5.5226     7.2494     8.4486     8.5421     7.3762     5.5201     4.5827     2.0640     1.0342     0.2524     0.1574     0.0989 
      7500    18     9.8303     0.1133     0.1806     0.2885     1.1819     2.3549     5.2629     6.3309     8.3085     9.6615     9.6631     8.3159     6.5088     5.2653     2.3649     1.2074     0.2891     0.1808     0.1135 
      8000    18    11.2143     0.1289     0.2056     0.3273     1.3480     2.6751     5.9968     7.2346     9.4677    11.0159    11.0244     9.4906     7.2618     5.9996     2.7661     1.3523     0.3291     0.2129     0.1293 
      8500    18    12.9487     0.1456     0.2318     0.3699     1.5370     3.0221     6.7573     8.1404    10.6876    12.4045    12.7232    10.6850     8.1479     6.7680     3.0347     1.5283     0.3709     0.2405     0.1458 
      9000    18    14.1762     0.1706     0.2600     0.4146     1.7065     3.3926     7.5752     9.1317    11.9756    13.9122    13.9297    12.0005     9.1406     7.7770     3.4079     1.7169     0.4164     0.2599     0.1638 
      9500    18    15.7716     0.1819     0.2896     0.4619     1.9015     3.7817     8.4337    10.1673    13.3408    15.5129    15.5019    13.4581    10.3235     8.4509     3.7943     1.9060     0.4633     0.3002     0.1819 
     10000    18    17.4872     0.2015     0.3208     0.5350     2.1105     4.1878     9.3676    11.3951    14.7753    17.1897    17.1880    14.8006    11.2749     9.3586     4.2066     2.1127     0.5130     0.3208     0.2118 
