       500    16     0.0665     0.0017     0.0029     0.0069     0.0176     0.0368     0.0451     0.0572     0.0636     0.0661     0.0570     0.0459     0.0375     0.0194     0.0073     0.0033     0.0018 
      1000    16     0.2104     0.0068     0.0116     0.0229     0.0422     0.1029     0.1288     0.1731     0.2099     0.2068     0.1696     0.1384     0.1194     0.0449     0.0240     0.0116     0.0069 
      1500    16     0.4710     0.0136     0.0206     0.0376     0.0806     0.2301     0.2876     0.3680     0.4668     0.4706     0.3561     0.2904     0.2119     0.0670     0.0321     0.0309     0.0114 
      2000    16     0.8094     0.0225     0.0313     0.0523     0.1269     0.3810     0.4996     0.6466     0.8090     0.7927     0.6634     0.4949     0.3682     0.1164     0.0544     0.0315     0.0225 
      2500    16     1.2572     0.0294     0.0396     0.0734     0.1931     0.5602     0.7728     1.0153     1.2405     1.2568     1.0285     0.7602     0.6015     0.1817     0.0807     0.0447     0.0157 
      3000    16     1.7878     0.0397     0.0528     0.1143     0.2672     0.7953     1.1056     1.4297     1.7874     1.7560     1.4561     1.1101     0.7999     0.2666     0.0898     0.0542     0.0371 
      3500    16     2.4805     0.0468     0.0666     0.1361     0.3574     1.0767     1.4810     1.9447     2.4799     2.3853     1.9431     1.5103     1.0671     0.3595     0.1375     0.0665     0.0470 
      4000    16     3.1471     0.0513     0.0773     0.1637     0.4607     1.4240     1.9531     2.5399     3.1116     3.1466     2.5528     1.9582     1.4365     0.4671     0.1538     0.0829     0.0556 
      4500    16     3.9836     0.0615     0.0961     0.2040     0.5796     1.7966     2.4648     3.2170     3.9799     3.9830     3.2232     2.4515     1.7989     0.5799     0.2052     0.0943     0.0613 
      5000    16     4.8845     0.0765     0.1169     0.2511     0.7456     2.2098     3.0463     3.9862     4.8840     4.8808     3.9476     3.0163     2.2337     0.7267     0.2543     0.1013     0.0763 
      5500    16     5.8753     0.0903     0.1347     0.2978     0.8763     2.6719     3.6759     4.7888     5.8697     5.8747     4.8057     3.6648     2.6587     0.8695     0.2987     0.1435     0.0902 
      6000    16     7.1313     0.0990     0.1573     0.3519     1.0179     3.1713     4.3800     5.7127     7.1308     6.9679     5.8063     4.3981     3.2678     1.0371     0.3563     0.1480     0.1067 
      6500    16     8.2184     0.1147     0.1827     0.4331     1.2105     3.7632     5.1156     6.7963     8.1637     8.2178     6.7470     5.1234     3.7899     1.2028     0.4151     0.1849     0.1224 
      7000    16     9.7871     0.1284     0.2076     0.4711     1.3973     4.3314     5.9724     7.7506     9.5371     9.7866     7.7378     5.9838     4.3450     1.4548     0.4833     0.2366     0.1189 
      7500    16    10.9913     0.1483     0.2387     0.5427     1.6071     4.9593     7.0467     8.8950    10.9216    10.9907     8.8614     6.7909     4.9802     1.5988     0.5506     0.2671     0.1517 
      8000    16    12.8097     0.1636     0.2668     0.6146     1.8397     5.6530     7.8376    10.1706    12.4520    12.8091    10.1450     7.8675     5.6644     1.8131     0.6161     0.2777     0.1633 
      8500    16    14.0759     0.1871     0.3034     0.6954     2.0788     6.3791     8.7687    11.4925    14.0754    13.9976    11.4806     8.7706     6.3819     2.0385     0.7156     0.3239     0.1827 
      9000    16    15.7391     0.2053     0.3360     0.7940     2.3435     7.1290     9.8467    12.9795    15.6676    15.7385    12.8779     9.7960     7.1597     2.2895     0.7879     0.3368     0.1912 
      9500    16    17.8217     0.2263     0.3919     0.8590     2.6188     7.9717    10.9583    14.3303    17.6243    17.8212    14.5203    11.1043     7.9846     2.5814     0.8705     0.3941     0.2450 
     10000    16    19.6847     0.2483     0.4098     0.9504     2.8934     8.9205    12.0615    15.8740    19.6645    19.6841    15.9757    12.1412     8.8595     2.8770     0.9833     0.4147     0.2676 
