       500    15     0.0683     0.0018     0.0032     0.0103     0.0215     0.0415     0.0486     0.0615     0.0679     0.0616     0.0489     0.0419     0.0228     0.0107     0.0035     0.0019 
      1000    15     0.2167     0.0073     0.0128     0.0307     0.0617     0.1251     0.1542     0.1994     0.2163     0.2066     0.1551     0.1222     0.0564     0.0298     0.0130     0.0081 
      1500    15     0.4903     0.0155     0.0232     0.0489     0.1002     0.2589     0.3264     0.4423     0.4898     0.4470     0.3252     0.2596     0.1136     0.0492     0.0242     0.0164 
      2000    15     0.8917     0.0230     0.0326     0.0734     0.1692     0.4544     0.5768     0.7893     0.8913     0.7983     0.5626     0.4748     0.1596     0.0768     0.0189     0.0238 
      2500    15     1.3281     0.0324     0.0428     0.1059     0.2499     0.6877     0.8925     1.1980     1.3276     1.2196     0.8776     0.7068     0.2556     0.1073     0.0466     0.0337 
      3000    15     1.9111     0.0402     0.0570     0.1450     0.3854     1.0018     1.2703     1.7382     1.9106     1.7407     1.2567     0.9891     0.3603     0.1639     0.0594     0.0400 
      3500    15     2.6316     0.0493     0.0718     0.1893     0.4762     1.3340     1.7037     2.3921     2.6311     2.3565     1.7409     1.3458     0.4873     0.2014     0.0762     0.0488 
      4000    15     3.4695     0.0582     0.0881     0.2447     0.6179     1.7680     2.2383     3.0700     3.4690     3.1335     2.2735     1.7584     0.6261     0.2659     0.0880     0.0581 
      4500    15     4.3642     0.0663     0.1039     0.3044     0.8061     2.2055     2.8408     3.8775     4.3638     3.8736     2.8870     2.2748     0.7847     0.3057     0.1058     0.0681 
      5000    15     5.3176     0.0784     0.1296     0.3699     0.9585     2.7254     3.5034     4.8198     5.3171     4.7695     3.5833     2.8104     0.9782     0.3817     0.1175     0.0822 
      5500    15     6.4775     0.0923     0.1486     0.4452     1.1726     3.3069     4.2241     5.7987     6.4770     5.9046     4.1824     3.3543     1.1647     0.4652     0.1413     0.0922 
      6000    15     7.6466     0.1047     0.1723     0.5260     1.3947     3.9493     5.0111     6.8754     7.6460     6.9999     4.9970     3.9382     1.3822     0.5662     0.1679     0.1062 
      6500    15     8.9988     0.1212     0.1995     0.6166     1.6130     4.5954     5.9269     8.1896     8.9983     8.3302     5.8763     4.6287     1.6448     0.6159     0.2076     0.1076 
      7000    15    10.5824     0.1407     0.2317     0.7132     1.8846     5.3664     6.8500     9.3988    10.5819     9.4569     6.8003     5.3728     1.9284     0.8374     0.2318     0.1406 
      7500    15    12.0085     0.1597     0.2639     0.8186     2.1607     6.1555     7.9574    10.7722    12.0080    11.0080     7.7995     6.1867     2.1576     0.8504     0.2646     0.1607 
      8000    15    13.6739     0.1774     0.2957     0.9234     2.4608     7.0168     8.9276    12.5531    13.6734    12.2486     8.9600     6.9626     2.4576     0.9281     0.3053     0.1982 
      8500    15    15.4427     0.2003     0.3340     1.0426     2.8023     7.9656    10.0443    13.8977    15.4421    13.9686    10.0680     8.0344     2.7756     1.0431     0.3705     0.1982 
      9000    15    17.2176     0.2340     0.3713     1.1676     3.1581     8.8851    11.3125    15.8246    17.2171    15.4379    11.5470     9.0393     3.1824     1.2042     0.3894     0.2347 
      9500    15    19.4882     0.2450     0.4119     1.2959     3.5239     9.9458    12.6398    17.5917    19.4876    17.2181    12.5256     9.8894     3.5405     1.3347     0.4398     0.2637 
     10000    15    21.0935     0.2690     0.4537     1.4454     3.8931    10.9358    13.9980    19.1773    21.0929    19.2463    14.3064    10.8785     3.8467     1.4794     0.4927     0.2681 
