       500     9     0.3171     0.3169     0.0000     0.0000     0.0000     0.0000     0.0000     0.0000     0.0000     0.0000 
      1000     9     0.5723     0.0585     0.5685     0.5721     0.0590     0.0000     0.0000     0.0000     0.0000     0.0000 
      1500     9     0.7911     0.0272     0.0744     0.3140     0.6016     0.7908     0.6051     0.3225     0.0777     0.0288 
      2000     9     0.7838     0.6518     0.5105     0.4014     0.3018     0.3624     0.4937     0.6412     0.7836     0.7705 
      2500     9     0.9156     0.8143     0.8233     0.8616     0.8380     0.8468     0.8220     0.8201     0.9017     0.9152 
      3000     9     1.2908     1.2009     1.1970     1.1937     1.2010     1.2141     1.2020     1.2313     1.2905     1.2059 
      3500     9     1.7072     1.6051     1.5986     1.6062     1.6006     1.6348     1.6932     1.6932     1.7069     1.6829 
      4000     9     2.2769     2.2035     2.1408     2.2767     2.0976     2.1053     2.1057     2.1054     2.0986     2.2201 
      4500     9     2.7188     2.7180     2.7117     2.7158     2.7111     2.7185     2.7183     2.7093     2.7183     2.7122 
      5000     9     3.3690     3.3688     3.3662     3.3656     3.3658     3.3574     3.3573     3.3576     3.3664     3.3583 
      5500     9     4.0529     4.0528     4.0444     4.0473     4.0512     4.0442     4.0465     4.0508     4.0506     4.0491 
      6000     9     4.8156     4.8083     4.8079     4.8151     4.8153     4.8068     4.8154     4.8141     4.8095     4.8147 
      6500     9     5.6522     5.6510     5.6512     5.6482     5.6487     5.6515     5.6499     5.6483     5.6496     5.6519 
      7000     9     6.5483     6.5392     6.5412     6.5397     6.5477     6.5402     6.5479     6.5480     6.5477     6.5470 
      7500     9     7.5156     7.5072     7.5155     7.5123     7.5127     7.5072     7.5127     7.5124     7.5122     7.5127 
      8000     9     8.5455     8.5450     8.5399     8.5452     8.5408     8.5412     8.5453     8.5452     8.5384     8.5415 
      8500     9     9.6468     9.6382     9.6453     9.6462     9.6402     9.6383     9.6462     9.6463     9.6465     9.6406 
      9000     9    10.8107    10.8076    10.8021    10.8072    10.8075    10.8025    10.8104    10.8103    10.8068    10.8072 
      9500     9    12.0480    12.0433    12.0450    12.0413    12.0435    12.0404    12.0404    12.0452    12.0477    12.0433 
     10000     9    13.3398    13.3395    13.3394    13.3309    13.3396    13.3308    13.3308    13.3345    13.3345    13.3390 
