       500    14     0.3118     0.3115     0.0000     0.0000     0.0000     0.0000     0.0000     0.0000     0.0000     0.0000     0.0000     0.0000     0.0000     0.0000     0.0000 
      1000    14     0.6357     0.0520     0.5718     0.6354     0.0590     0.0000     0.0000     0.0000     0.0000     0.0000     0.0000     0.0000     0.0000     0.0000     0.0000 
      1500    14     0.7891     0.0272     0.0758     0.3171     0.6131     0.7887     0.6333     0.3223     0.0885     0.0272     0.0000     0.0000     0.0000     0.0000     0.0000 
      2000    14     0.7988     0.0394     0.0394     0.0515     0.1289     0.3634     0.5094     0.7060     0.7983     0.7876     0.6440     0.4963     0.3668     0.1426     0.0570 
      2500    14     0.8249     0.7131     0.5737     0.5078     0.4511     0.3249     0.3176     0.3059     0.4301     0.4857     0.5951     0.6993     0.7931     0.8234     0.8245 
      3000    14     0.8896     0.7511     0.7724     0.8237     0.8326     0.8403     0.8143     0.8299     0.7548     0.7540     0.7937     0.8891     0.8768     0.7739     0.7856 
      3500    14     1.1830     1.1312     1.0703     1.0816     1.0718     1.0752     1.0790     1.1826     1.1471     1.0733     1.0724     1.0718     1.0699     1.0700     1.1353 
      4000    14     1.6090     1.3738     1.3770     1.4873     1.6087     1.3721     1.3744     1.4566     1.3788     1.3750     1.3719     1.5140     1.3786     1.3845     1.3989 
      4500    14     1.8961     1.8408     1.8958     1.8297     1.7932     1.7928     1.8160     1.7901     1.7904     1.7933     1.7903     1.7913     1.8677     1.7916     1.8105 
      5000    14     2.3370     2.3091     2.1569     2.2328     2.1582     2.3367     2.2749     2.1574     2.1656     2.1569     2.1570     2.1600     2.1569     2.2984     2.3182 
      5500    14     2.7147     2.7073     2.7061     2.7008     2.6939     2.7007     2.7143     2.6969     2.7034     2.6950     2.6929     2.7009     2.6934     2.7015     2.6934 
      6000    14     3.1929     3.1875     3.1842     3.1880     3.1784     3.1753     3.1757     3.1783     3.1925     3.1777     3.1848     3.1818     3.1657     3.1823     3.1871 
      6500    14     3.7797     3.7794     3.7727     3.7603     3.7594     3.7667     3.7643     3.7675     3.7600     3.7540     3.7653     3.7570     3.7636     3.7657     3.7616 
      7000    14     4.3086     4.3069     4.3062     4.3018     4.3030     4.3066     4.3030     4.3007     4.2912     4.3072     4.2992     4.3054     4.3081     4.3035     4.3076 
      7500    14     4.9031     4.9000     4.8981     4.8973     4.8902     4.8972     4.9001     4.8966     4.8964     4.8965     4.8909     4.8996     4.9027     4.8904     4.8985 
      8000    14     5.6280     5.6207     5.6188     5.6276     5.6251     5.6277     5.6273     5.6274     5.6237     5.6187     5.6274     5.6230     5.6256     5.6272     5.6185 
      8500    14     6.3727     6.3715     6.3637     6.3725     6.3681     6.3642     6.3673     6.3676     6.3675     6.3686     6.3661     6.3714     6.3676     6.3634     6.3679 
      9000    14     7.1131     7.1094     7.1055     7.1056     7.1056     7.1058     7.1053     7.1070     7.1064     7.1128     7.1116     7.1052     7.1074     7.1057     7.1050 
      9500    14     7.9613     7.9576     7.9582     7.9572     7.9587     7.9582     7.9568     7.9572     7.9610     7.9580     7.9566     7.9595     7.9529     7.9591     7.9561 
     10000    14     8.7773     8.7734     8.7652     8.7654     8.7727     8.7765     8.7770     8.7739     8.7724     8.7731     8.7711     8.7755     8.7731     8.7727     8.7730 
