       500    11     0.0888     0.0051     0.0097     0.0249     0.0565     0.0706     0.0883     0.0776     0.0556     0.0296     0.0077     0.0029 
      1000    11     0.3024     0.0118     0.0226     0.0676     0.1724     0.2451     0.2902     0.2469     0.1675     0.0614     0.0230     0.0113 
      1500    11     0.6527     0.0208     0.0373     0.1339     0.3885     0.5552     0.6523     0.5363     0.3752     0.1342     0.0370     0.0222 
      2000    11     1.1527     0.0506     0.0804     0.2275     0.6527     0.9434     1.1523     0.9838     0.6626     0.2454     0.0575     0.0365 
      2500    11     1.8056     0.0648     0.0753     0.3650     1.0384     1.4632     1.8053     1.4644     1.0475     0.3464     0.0648     0.0385 
      3000    11     2.5637     0.1085     0.1831     0.5751     1.4481     2.0984     2.5632     2.1035     1.5182     0.5210     0.1039     0.0834 
      3500    11     3.6505     0.1245     0.2149     0.6605     1.9710     2.8597     3.6302     2.9318     2.1023     0.6665     0.1511     0.0618 
      4000    11     4.5562     0.1554     0.3484     0.8575     2.5774     3.7327     4.5558     4.0167     2.7755     0.8611     0.2037     0.1265 
      4500    11     5.7596     0.1587     0.2516     1.0819     3.2412     4.7433     5.7592     4.7973     3.2852     1.0894     0.2813     0.0947 
      5000    11     7.0969     0.1953     0.2803     1.3290     3.9970     5.8194     7.0964     5.9062     3.9958     1.4342     0.2591     0.1103 
      5500    11     8.7105     0.1789     0.3740     1.7574     4.8316     7.0973     8.7101     7.0415     4.8369     1.6669     0.3100     0.1300 
      6000    11    10.2325     0.1754     0.3846     1.9401     5.9625     8.3722    10.2253     8.6378     5.7505     1.9445     0.3686     0.1544 
      6500    11    12.0514     0.1885     0.4383     2.2452     6.7439     9.8738    12.0509     9.8840     6.8076     2.2545     0.4297     0.1786 
      7000    11    14.0263     0.3661     0.4969     2.6890     7.8239    11.4160    14.0239    11.5236     8.0514     2.6880     0.6697     0.2043 
      7500    11    16.0016     0.2516     0.6113     3.1847     9.1266    13.1463    15.9990    13.3468     9.0254     3.0603     0.6098     0.2380 
      8000    11    18.3369     0.3379     0.6687     3.6618    10.4647    15.0530    18.3357    15.0458    10.2579     3.6288     0.7813     0.2572 
      8500    11    20.6497     0.3373     0.7397     3.8177    11.5340    16.7703    20.6294    16.8250    11.5528     3.8534     0.7530     0.2925 
      9000    11    23.0053     0.5292     0.8140     4.3150    12.9265    18.9217    23.0031    19.0403    12.9300     4.4575     1.0713     0.3943 
      9500    11    26.0631     0.3672     0.9009     4.9093    14.5709    21.2856    26.0562    21.2653    14.6365     4.9632     1.1577     0.3870 
     10000    11    28.9849     0.4026     0.9933     5.4138    16.2722    24.6261    28.9643    23.4935    16.5443     5.8777     1.0348     0.5467 
