       500     1     0.3062     0.3062 
      1000     1     1.2036     1.2036 
      1500     1     2.7048     2.7048 
      2000     1     4.8088     4.8088 
      2500     1     7.5166     7.5166 
      3000     1    10.8004    10.8004 
      3500     1    14.7103    14.7103 
      4000     1    19.2297    19.2297 
      4500     1    24.3231    24.3231 
      5000     1    30.0271    30.0271 
      5500     1    36.3412    36.3412 
      6000     1    43.2493    43.2493 
      6500     1    50.6790    50.6790 
      7000     1    58.8076    58.8076 
      7500     1    67.5000    67.5000 
      8000     1    76.8343    76.8343 
      8500     1    86.7357    86.7357 
      9000     1    97.2438    97.2438 
      9500     1   108.2853   108.2853 
     10000     1   120.0173   120.0173 
       500     1     0.3044     0.3044 
      1000     1     1.2021     1.2021 
      1500     1     2.7033     2.7033 
      2000     1     4.8072     4.8072 
      2500     1     7.5133     7.5133 
      3000     1    10.8220    10.8220 
      3500     1    14.7278    14.7278 
      4000     1    19.2436    19.2436 
      4500     1    24.3417    24.3417 
      5000     1    30.0569    30.0569 
      5500     1    36.3747    36.3747 
      6000     1    43.2714    43.2714 
      6500     1    50.7956    50.7956 
      7000     1    58.9231    58.9231 
      7500     1    67.6161    67.6161 
      8000     1    76.9573    76.9573 
      8500     1    86.8528    86.8528 
      9000     1    97.3990    97.3990 
      9500     1   108.5078   108.5078 
     10000     1   120.2817   120.2817 
