       500     7     0.1468     0.0056     0.0381     0.0936     0.1465     0.0929     0.0315     0.0061 
      1000     7     0.4572     0.0187     0.0922     0.3099     0.4570     0.2997     0.0836     0.0137 
      1500     7     1.0014     0.0261     0.1938     0.6808     1.0005     0.6732     0.1869     0.0247 
      2000     7     1.8441     0.0777     0.3451     1.2810     1.8311     1.2445     0.3466     0.0638 
      2500     7     2.7493     0.0650     0.5134     1.8784     2.7489     1.9398     0.5244     0.0647 
      3000     7     4.0300     0.1489     0.7757     2.7171     4.0298     2.7113     0.7350     0.1188 
      3500     7     5.3427     0.1175     1.0105     3.6663     5.3418     3.6931     1.0003     0.1173 
      4000     7     7.2163     0.1475     1.2740     4.9131     7.2160     4.7356     1.2774     0.1474 
      4500     7     8.9053     0.1791     1.6042     6.0064     8.9051     6.0390     1.6241     0.1802 
      5000     7    10.9806     0.2602     2.1115     7.4390    10.9803     7.4835     2.0449     0.2075 
      5500     7    13.3110     0.2465     2.3818     9.0355    13.3107     8.9670     2.3807     0.2629 
      6000     7    15.8009     0.2916     2.9265    10.6882    15.8006    10.7256     2.9264     0.3125 
      6500     7    18.5182     0.3573     3.4171    12.6705    18.5179    12.6274     3.3469     0.3583 
      7000     7    21.5190     0.4101     3.9929    14.4775    21.5186    14.5480     3.9748     0.4197 
      7500     7    24.7516     0.4707     4.4258    16.6863    24.7514    16.7339     4.4770     0.4756 
      8000     7    28.3065     0.5848     5.2292    19.3012    28.3061    19.4768     5.2860     0.6392 
      8500     7    31.6315     0.6003     5.7259    21.4259    31.6311    21.5003     5.7379     0.5952 
      9000     7    35.5611     0.7252     6.4100    24.2214    35.5607    24.0894     6.4253     0.6255 
      9500     7    39.6389     0.7418     7.2664    26.7448    39.6385    26.7389     7.1519     0.7580 
     10000     7    43.8492     0.8197     8.1001    29.9164    43.8489    30.0598     7.8887     0.8389 
