       500     3     0.3166     0.3165     0.0000     0.0000 
      1000     3     0.5687     0.0923     0.5686     0.5618 
      1500     3     0.9383     0.9382     0.9315     0.9054 
      2000     3     1.6941     1.6164     1.6189     1.6939 
      2500     3     2.5820     2.5819     2.5562     2.5577 
      3000     3     3.7015     3.6915     3.6929     3.7013 
      3500     3     5.0231     5.0165     5.0230     5.0137 
      4000     3     6.5663     6.5662     6.5604     6.5430 
      4500     3     8.3002     8.3001     8.2996     8.2915 
      5000     3    10.2435    10.2340    10.2433    10.2400 
      5500     3    12.3940    12.3903    12.3729    12.3939 
      6000     3    14.7445    14.7363    14.7444    14.7360 
      6500     3    17.3035    17.3034    17.3014    17.2980 
      7000     3    20.0578    20.0576    20.0568    20.0574 
      7500     3    23.2085    23.2050    23.1975    23.2083 
      8000     3    26.2034    26.2002    26.2032    26.1936 
      8500     3    29.5869    29.5794    29.5867    29.5822 
      9000     3    33.1685    33.1600    33.1684    33.1607 
      9500     3    37.0775    37.0747    37.0773    37.0747 
     10000     3    40.8930    40.8929    40.8901    40.8862 
