       500    10     0.3179     0.3177     0.0000     0.0000     0.0000     0.0000     0.0000     0.0000     0.0000     0.0000     0.0000 
      1000    10     0.5740     0.0517     0.5708     0.5737     0.0599     0.0000     0.0000     0.0000     0.0000     0.0000     0.0000 
      1500    10     0.7923     0.0281     0.0702     0.3214     0.6020     0.7920     0.6054     0.3232     0.0778     0.0280     0.0000 
      2000    10     0.7888     0.5016     0.3776     0.1784     0.1723     0.3597     0.4924     0.6389     0.7816     0.7884     0.6620 
      2500    10     0.8449     0.7206     0.7841     0.8359     0.7941     0.7760     0.7476     0.7284     0.8446     0.7236     0.7236 
      3000    10     1.1616     1.1428     1.0727     1.0679     1.0621     1.0820     1.1613     1.1120     1.0638     1.1026     1.0704 
      3500    10     1.6625     1.4208     1.4184     1.4504     1.5793     1.6006     1.6622     1.4583     1.4119     1.4133     1.4163 
      4000    10     1.9946     1.9183     1.9292     1.9186     1.9121     1.9138     1.9696     1.9731     1.9943     1.9193     1.9156 
      4500    10     2.4478     2.4404     2.4476     2.4470     2.4425     2.4400     2.4448     2.4396     2.4438     2.4450     2.4475 
      5000    10     3.0241     3.0140     3.0139     3.0061     3.0118     3.0138     3.0238     3.0145     3.0120     3.0133     3.0166 
      5500    10     3.6667     3.6585     3.6666     3.6623     3.6641     3.6640     3.6582     3.6628     3.6611     3.6613     3.6597 
      6000    10     4.3434     4.3349     4.3354     4.3427     4.3366     4.3405     4.3429     4.3345     4.3345     4.3431     4.3400 
      6500    10     5.0840     5.0814     5.0759     5.0784     5.0835     5.0754     5.0775     5.0761     5.0837     5.0752     5.0783 
      7000    10     5.9146     5.9122     5.9116     5.9144     5.9061     5.9078     5.9117     5.9064     5.9062     5.9116     5.9066 
      7500    10     6.7689     6.7602     6.7602     6.7602     6.7603     6.7605     6.7687     6.7602     6.7682     6.7678     6.7598 
      8000    10     7.7183     7.7095     7.7182     7.7178     7.7167     7.7095     7.7095     7.7137     7.7178     7.7180     7.7110 
      8500    10     8.6821     8.6777     8.6775     8.6772     8.6800     8.6771     8.6771     8.6782     8.6818     8.6771     8.6771 
      9000    10     9.7590     9.7500     9.7588     9.7583     9.7499     9.7507     9.7584     9.7499     9.7506     9.7584     9.7498 
      9500    10    10.8617    10.8616    10.8579    10.8533    10.8532    10.8603    10.8604    10.8560    10.8560    10.8561    10.8602 
     10000    10    12.0351    12.0336    12.0295    12.0298    12.0348    12.0278    12.0280    12.0297    12.0275    12.0302    12.0303 
