       500    17     0.0527     0.0010     0.0024     0.0031     0.0096     0.0190     0.0332     0.0341     0.0434     0.0487     0.0443     0.0348     0.0277     0.0176     0.0072     0.0022     0.0015     0.0009 
      1000    17     0.1931     0.0031     0.0051     0.0078     0.0267     0.0656     0.1067     0.1309     0.1724     0.1876     0.1723     0.1320     0.1070     0.0638     0.0261     0.0071     0.0043     0.0026 
      1500    17     0.4275     0.0049     0.0080     0.0158     0.0564     0.1392     0.2358     0.2930     0.3861     0.4191     0.3850     0.2938     0.2362     0.1447     0.0576     0.0149     0.0081     0.0049 
      2000    17     0.7617     0.0086     0.0161     0.0262     0.0997     0.2523     0.4186     0.5318     0.6860     0.7475     0.6839     0.5229     0.4180     0.2510     0.1009     0.0264     0.0142     0.0087 
      2500    17     1.1853     0.0135     0.0221     0.0409     0.1562     0.3876     0.6521     0.8134     1.0704     1.1655     1.0951     0.8151     0.6633     0.4038     0.1593     0.0412     0.0222     0.0142 
      3000    17     1.7028     0.0203     0.0336     0.0624     0.2257     0.5570     0.9407     1.1687     1.5443     1.6746     1.5428     1.1729     0.9719     0.5643     0.2257     0.0594     0.0319     0.0195 
      3500    17     2.3248     0.0266     0.0576     0.0804     0.3064     0.7634     1.2792     1.5944     2.0987     2.2842     2.0978     1.5955     1.2788     0.7685     0.3080     0.0807     0.0434     0.0266 
      4000    17     3.0520     0.0346     0.0565     0.1049     0.4004     0.9943     1.6816     2.1249     2.7727     3.0031     2.7641     2.1145     1.6709     1.0058     0.4011     0.1051     0.0567     0.0349 
      4500    17     3.8301     0.0437     0.0715     0.1326     0.5073     1.2552     2.1165     2.6702     3.4662     3.7701     3.4719     2.6413     2.1136     1.2873     0.5084     0.1328     0.0716     0.0440 
      5000    17     4.7298     0.0540     0.0883     0.1634     0.6250     1.5516     2.6165     3.2589     4.2833     4.6557     4.3538     3.2589     2.6125     1.5638     0.6477     0.1645     0.0915     0.0541 
      5500    17     5.7337     0.0652     0.1068     0.1975     0.7573     1.8781     3.1630     4.0029     5.1848     5.6426     5.3219     4.0422     3.1592     1.9171     0.7577     0.2000     0.1068     0.0655 
      6000    17     6.8140     0.0777     0.1271     0.2357     0.9020     2.2372     3.7610     4.6961     6.1720     6.7063     6.1690     4.6998     3.7661     2.2518     0.9282     0.2421     0.1271     0.0778 
      6500    17     7.9977     0.0952     0.1554     0.2763     1.0892     2.6297     4.4493     5.5077     7.2906     7.8721     7.2469     5.5289     4.4194     2.7033     1.0606     0.2769     0.1492     0.0913 
      7000    17     9.2911     0.1057     0.1728     0.3210     1.2379     3.1006     5.1292     6.3841     8.5261     9.1375     8.3920     6.4256     5.1274     3.1193     1.2269     0.3215     0.1730     0.1059 
      7500    17    10.6979     0.1259     0.1984     0.3865     1.4073     3.5162     5.9448     7.5078     9.6692    10.5320     9.7097     7.3542     6.0118     3.5716     1.4138     0.3690     0.2057     0.1216 
      8000    17    12.2431     0.1444     0.2372     0.4320     1.6217     4.0026     6.7332     8.4332    11.2551    12.0447    11.2339     8.4373     6.7332     4.0093     1.6085     0.4318     0.2334     0.1384 
      8500    17    13.7011     0.1589     0.2548     0.4730     1.8107     4.5018     7.6404     9.4357    12.3786    13.4775    12.4429     9.4217     7.5559     4.6459     1.8633     0.4734     0.2546     0.1562 
      9000    17    15.3348     0.1749     0.2860     0.5475     2.0292     5.0497     8.4633    10.5937    14.4256    15.0992    14.1591    10.6747     8.4810     5.0612     2.0569     0.5316     0.3021     0.1751 
      9500    17    17.0552     0.1948     0.3182     0.6147     2.2625     5.6245     9.4800    11.8462    15.4740    16.7962    15.8137    11.7765     9.4411     5.7828     2.2706     0.5929     0.3183     0.2028 
     10000    17    18.9221     0.2158     0.3829     0.6705     2.5132     6.2347    10.5270    13.1198    17.1469    18.6228    17.4048    13.0504    10.5666     6.2524     2.5135     0.6553     0.3527     0.2160 
