       500    13     0.0647     0.0015     0.0026     0.0108     0.0271     0.0446     0.0616     0.0622     0.0614     0.0429     0.0291     0.0136     0.0025     0.0015 
      1000    13     0.2542     0.0036     0.0081     0.0294     0.0910     0.1527     0.2126     0.2486     0.2125     0.1523     0.0927     0.0282     0.0076     0.0032 
      1500    13     0.5639     0.0072     0.0137     0.0612     0.1945     0.3366     0.4835     0.5546     0.4847     0.3374     0.1984     0.0611     0.0130     0.0073 
      2000    13     0.9961     0.0128     0.0221     0.1064     0.3553     0.5920     0.8597     0.9814     0.8330     0.5948     0.3496     0.1077     0.0221     0.0128 
      2500    13     1.5267     0.0191     0.0345     0.1672     0.5487     0.9387     1.3021     1.5062     1.3249     0.9274     0.5542     0.1678     0.0346     0.0192 
      3000    13     2.1962     0.0275     0.0495     0.2471     0.7996     1.3336     1.9176     2.1687     1.8734     1.3348     0.7819     0.2461     0.0498     0.0288 
      3500    13     2.9956     0.0373     0.0701     0.3264     1.0622     1.8145     2.6343     2.9581     2.6443     1.8142     1.0657     0.3285     0.0676     0.0389 
      4000    13     3.9091     0.0507     0.0879     0.4272     1.3851     2.3698     3.4651     3.8591     3.3255     2.4541     1.4288     0.4361     0.0908     0.0490 
      4500    13     4.9489     0.0618     0.1114     0.5558     1.7521     3.0505     4.2328     4.8846     4.2222     3.0448     1.7633     0.5435     0.1116     0.0646 
      5000    13     6.0997     0.0763     0.1434     0.6688     2.1635     3.7611     5.1991     6.0248     5.3191     3.6999     2.1780     0.6884     0.1420     0.0804 
      5500    13     7.6419     0.0923     0.1727     0.8077     2.6234     4.4879     6.2918     7.5543     6.4384     4.4852     2.6748     0.8094     0.1733     0.0960 
      6000    13     8.9541     0.1097     0.1982     0.9606     3.1273     5.3328     7.6817     8.8442     7.4910     5.4251     3.1301     0.9646     0.2045     0.1101 
      6500    13    10.3165     0.1289     0.2426     1.1509     3.6655     6.2590     8.9592    10.1877     8.8035     6.3558     3.6753     1.1542     0.2322     0.1362 
      7000    13    12.0951     0.1503     0.2697     1.3307     4.2715     7.3024    10.3596    11.9472    10.3917     7.4183     4.3321     1.3416     0.2723     0.1501 
      7500    13    13.7748     0.1718     0.3092     1.5371     4.9539     8.5170    11.8935    13.5963    11.7108     8.4285     4.9034     1.5423     0.3092     0.1719 
      8000    13    15.6482     0.2027     0.3658     1.7448     5.5536     9.7637    13.3337    15.4513    13.3247     9.4829     5.6996     1.7166     0.3671     0.1956 
      8500    13    17.7745     0.2206     0.4120     1.9311     6.2826    11.1573    15.0454    17.5562    15.0375    10.7062     6.4592     1.9853     0.3970     0.2303 
      9000    13    19.7572     0.2697     0.4522     2.1807     7.0285    12.0421    16.8670    19.5262    16.9048    12.0616     7.0528     2.1777     0.4476     0.2667 
      9500    13    22.7734     0.2756     0.5153     2.4176     8.0672    13.4019    19.3528    22.4957    18.7886    13.3846     8.0861     2.4262     0.4959     0.2878 
     10000    13    24.4362     0.3104     0.5506     2.7323     8.6881    15.3558    20.8298    24.1327    20.8736    15.2817     8.7198     2.6888     0.5509     0.3145 
