       500     4     0.1579     0.0111     0.1503     0.1528     0.0114 
      1000     4     0.5714     0.0443     0.5627     0.5667     0.0450 
      1500     4     1.2907     0.1003     1.2865     1.2782     0.1014 
      2000     4     2.2759     0.1819     2.2539     2.2605     0.1792 
      2500     4     3.6048     0.2779     3.5609     3.5875     0.2784 
      3000     4     5.1718     0.3989     5.1608     5.1102     0.4013 
      3500     4     6.9469     0.5440     6.9039     6.9106     0.5456 
      4000     4     9.0738     0.7108     9.0208     9.0266     0.7114 
      4500     4    11.5084     0.8962    11.4123    11.4445     0.9026 
      5000     4    14.9244     1.1073    14.1906    14.8722     1.1089 
      5500     4    18.1625     1.3402    17.3703    18.0895     1.3415 
      6000     4    20.7345     1.5982    20.5109    20.6492     1.5958 
      6500     4    24.1526     1.8776    24.0925    24.0515     1.8775 
      7000     4    27.9695     2.1739    27.8512    27.8684     2.1789 
      7500     4    31.8829     2.5478    31.6610    31.7245     2.5251 
      8000     4    36.5806     2.8392    36.5021    36.3450     2.8443 
      8500     4    40.9394     3.2108    40.7170    40.7361     3.2128 
      9000     4    46.5877     3.5896    46.5008    46.1588     3.5972 
      9500     4    51.5617     4.0025    51.4231    51.2715     4.0062 
     10000     4    57.5422     4.4355    57.3880    57.2637     4.4441 
