    400000    30      26.19     785.76
    500000    30      40.00    1200.53
    100000    40       9.67     386.78
    200000    40      25.76    1030.69
    300000    40      33.46    1338.53
    100000    20       3.11      62.20
    100000    40      10.62     425.01
    100000    30      10.72     321.49
    200000    20      10.06     201.37
    200000    30      22.89     687.24
    200000    40      23.14     925.81
    300000    20      21.94     438.96
    400000    20      37.47     749.57
    300000    40      39.79    1592.17
    300000    30      41.88    1256.46
