     50000     1       2.65       2.65
    100000     1      10.89      10.89
    150000     1      24.67      24.67
    200000     1      44.10      44.10
    250000     1      68.84      68.84
    300000     1      99.25      99.25
    350000     1     135.22     135.22
    400000     1     177.08     177.08
    450000     1     225.38     225.38
    500000     1     277.08     277.08
    550000     1     334.95     334.95
    600000     1     398.60     398.60
     50000     1       2.62       2.62
    100000     1      10.88      10.88
    150000     1      24.55      24.55
    200000     1      43.83      43.83
    650000     1     471.42     471.42
    250000     1      68.57      68.57
    700000     1     543.72     543.72
    300000     1      99.13      99.13
    350000     1     134.97     134.97
    750000     1     624.57     624.57
    400000     1     177.96     177.96
    450000     1     223.85     223.85
    800000     1     710.53     710.53
    500000     1     278.17     278.17
    850000     1     812.09     812.09
    550000     1     335.17     335.17
    600000     1     398.57     398.57
    900000     1     906.62     906.62
    650000     1     467.18     467.18
    950000     1    1013.20    1013.20
    700000     1     540.75     540.75
   1000000     1    1125.10    1125.10
    750000     1     634.88     634.88
    800000     1     715.90     715.90
    850000     1     810.37     810.37
    900000     1     906.81     906.81
    950000     1     999.05     999.05
   1000000     1    1105.12    1105.12
     50000     1       2.66       2.66
    100000     1      10.89      10.89
    150000     1      24.71      24.71
    200000     1      44.06      44.06
    250000     1      68.94      68.94
    300000     1      99.16      99.16
    350000     1     135.10     135.10
    400000     1     177.21     177.21
    450000     1     225.12     225.12
    500000     1     276.94     276.94
    550000     1     334.90     334.90
    600000     1     398.68     398.68
    650000     1     470.73     470.73
    700000     1     542.46     542.46
    750000     1     624.14     624.14
    800000     1     708.53     708.53
    850000     1     806.17     806.17
    900000     1     901.74     901.74
    950000     1    1001.11    1001.11
   1000000     1    1110.46    1110.46
     50000     1       2.39       2.39
    100000     1       9.77       9.77
    150000     1      22.14      22.14
     50000     1       2.37       2.37
    100000     1       9.75       9.75
    200000     1      39.48      39.48
    150000     1      22.09      22.09
    250000     1      61.84      61.84
    200000     1      39.35      39.35
    300000     1      89.19      89.19
    250000     1      61.88      61.88
    350000     1     122.23     122.23
    300000     1      89.12      89.12
    400000     1     159.25     159.25
    350000     1     121.69     121.69
    450000     1     202.38     202.38
    400000     1     159.13     159.13
    500000     1     249.19     249.19
    450000     1     201.75     201.75
    500000     1     248.65     248.65
    550000     1     301.58     301.58
    600000     1     360.13     360.13
    650000     1     420.45     420.45
    700000     1     489.66     489.66
    750000     1     558.38     558.38
    800000     1     640.39     640.39
    850000     1     718.56     718.56
    900000     1     808.22     808.22
    950000     1     895.76     895.76
    600000     1     356.11     356.11
   1000000     1     994.57     994.57
